BEGIN_BASIC_INFO
  18  # num of atoms 
  54  # num of modes 
END_BASIC_INFO

BEGIN_DATA_1
  BEGIN_DESCRIPTION_1

                 2         2
                  2       2
                   2     2
               D2  |2   2
                   | 222
                   |  |
                   |  |
              1    |  | 1
               1   |  |1
                1  |  1
                 1 | 1  D1
                  111

    Q1 = S(1 <- 2) Q2 + D2
    Q1 = S2        Q2 + D2
    Q2 = S(2 <- 1) Q1 + D1
    Q2 = S1        Q1 + D1
    n              : index of mode, from 1 to 3n
    m              : index of mode, from 1 to 3n-6
    sym            : irreducible representation
    freq   (cm-1 ) : frequency
    D      (a.u. ) : displacement of mode
    delta  ( 1   ) : dimensionless projection, delta = D * SQRT(freq)
    HR     ( 1   ) : Huang-Rhys factor, HR = 0.5 * delta^2 
    lam    (cm-1 ) : reorganization energy, lam = HR * \hbar * freq
	ZPE1 (Ground ) :   38569.7101484 cm-1
	ZPE2 (Excited) :   38627.8186875 cm-1
	ZPE2 - ZPE1    :     58.1085391 cm-1
  END_DESCRIPTION_1
  BEGIN_OUTPUT_1
============================================================================================================================================
   n   m sym1   freq1         D1     delta1        HR1       lam1 sym2   freq2         D2     delta2        HR2       lam2    g    e   S(g,e)
--------------------------------------------------------------------------------------------------------------------------------------------
   1   0    A   69.52    90.49825   1.61870    1.31010      91.08    A   67.14   101.84028   1.79005    1.60213     107.56    1    1  -0.9182
   2   0    A  111.36   -80.44900   1.82118    1.65835     184.67    A  128.83     5.98047   0.14561    0.01060       1.37    2    2  -0.2063
   3   0    A  178.02    22.79413   0.65241    0.21282      37.89    A  136.12    59.55267   1.49050    1.11080     151.20    3    3   0.0528
   4   0    A  203.05   -32.12601   0.98203    0.48219      97.91    A  158.94    -7.91725   0.21412    0.02292       3.64    4    4  -0.6982
   5   0    A  292.88   -12.12020   0.44496    0.09899      28.99    A  275.31   -41.16059   1.46507    1.07322     295.46    5    5  -0.0397
   6   0    A  302.18   -38.49420   1.43547    1.03029     311.33    A  344.70   -37.11636   1.47828    1.09265     376.64    6    6  -0.2716
   7   1    A  420.01    -3.86288   0.16983    0.01442       6.06    A  390.13    11.08899   0.46986    0.11038      43.06    7    7  -0.3787
   8   2    A  429.16     5.14634   0.22871    0.02615      11.22    A  419.24   -20.46722   0.89900    0.40410     169.42    8    8   0.4608
   9   3    A  479.22     1.67954   0.07887    0.00311       1.49    A  479.47    -8.74770   0.41091    0.08442      40.48    9    9  -0.8477
  10   4    A  528.90    -3.84952   0.18992    0.01803       9.54    A  511.66    12.11634   0.58794    0.17284      88.43   10   10  -0.8618
  11   5    A  565.46    19.37934   0.98858    0.48864     276.31    A  548.56     7.73918   0.38884    0.07560      41.47   11   11  -0.8666
  12   6    A  636.12     1.48003   0.08008    0.00321       2.04    A  609.44     1.25483   0.06645    0.00221       1.35   12   12   0.9896
  13   7    A  709.72    -0.18787   0.01074    0.00006       0.04    A  653.15    -1.32458   0.07262    0.00264       1.72   13   13   0.9576
  14   8    A  766.04     6.08864   0.36151    0.06534      50.06    A  750.58    -6.60335   0.38809    0.07531      56.52   14   14   0.9603
  15   9    A  773.72     2.45995   0.14679    0.01077       8.34    A  790.62     1.98112   0.11950    0.00714       5.65   15   15  -0.9573
  16  10    A  835.49     0.88441   0.05484    0.00150       1.26    A  814.94     0.38054   0.02330    0.00027       0.22   16   16  -0.9954
  17  11    A  892.72    -0.62293   0.03993    0.00080       0.71    A  950.84     0.19558   0.01294    0.00008       0.08   17   17   0.9822
  18  12    A  982.49    -1.93701   0.13025    0.00848       8.33    A  961.44    -1.06971   0.07115    0.00253       2.43   18   18   0.9894
  19  13    A  989.65    -0.09447   0.00638    0.00002       0.02    A  999.26    -2.72950   0.18509    0.01713      17.12   19   19  -0.0424
  20  14    A 1009.71     2.02021   0.13771    0.00948       9.57    A 1012.77     0.11581   0.00791    0.00003       0.03   20   20  -0.0440
  21  15    A 1010.66     0.28447   0.01940    0.00019       0.19    A 1033.28    -0.04833   0.00333    0.00001       0.01   21   21  -0.9878
  22  16    A 1069.30    -0.25483   0.01788    0.00016       0.17    A 1046.03     0.45834   0.03180    0.00051       0.53   22   22  -0.9849
  23  17    A 1096.79     0.23257   0.01652    0.00014       0.15    A 1090.30     2.34033   0.16578    0.01374      14.98   23   23  -0.8659
  24  18    A 1128.49    -1.20082   0.08654    0.00374       4.23    A 1094.45    -1.48618   0.10547    0.00556       6.09   24   24   0.1108
  25  19    A 1148.84     3.91568   0.28471    0.04053      46.56    A 1137.23     1.42669   0.10321    0.00533       6.06   25   25   0.0222
  26  20    A 1162.16     1.86382   0.13630    0.00929      10.80    A 1161.80    -5.79260   0.42355    0.08970     104.21   26   26   0.8992
  27  21    A 1194.97     0.52844   0.03919    0.00077       0.92    A 1187.06     0.91146   0.06737    0.00227       2.69   27   27   0.0111
  28  22    A 1210.35     1.89675   0.14156    0.01002      12.13    A 1198.84    -0.24202   0.01798    0.00016       0.19   28   28   0.0009
  29  23    A 1231.12    -4.01988   0.30257    0.04578      56.36    A 1232.92     3.99734   0.30110    0.04533      55.89   29   29   0.8415
  30  24    A 1293.14    -0.24542   0.01893    0.00018       0.23    A 1260.10     0.23865   0.01817    0.00017       0.21   30   30   0.8800
  31  25    A 1370.54    -0.11677   0.00927    0.00004       0.06    A 1375.73    -0.37907   0.03016    0.00045       0.63   31   31  -0.0702
  32  26    A 1381.82    -0.80410   0.06412    0.00206       2.84    A 1384.10     0.15927   0.01271    0.00008       0.11   32   32  -0.1369
  33  27    A 1399.67    -4.26943   0.34265    0.05871      82.17    A 1429.18    -5.26878   0.42729    0.09129     130.47   33   33  -0.9081
  34  28    A 1475.98    -0.16392   0.01351    0.00009       0.13    A 1465.69     0.53398   0.04385    0.00096       1.41   34   34   0.8851
  35  29    A 1507.04    -0.09492   0.00790    0.00003       0.05    A 1476.42    -2.96860   0.24470    0.02994      44.20   35   35   0.1034
  36  30    A 1508.59     4.50054   0.37499    0.07031     106.07    A 1498.84     0.21504   0.01786    0.00016       0.24   36   36   0.0609
  37  31    A 1515.92    -0.53498   0.04468    0.00100       1.51    A 1510.13     0.34491   0.02875    0.00041       0.62   37   37   0.5992
  38  32    A 1520.14     1.97857   0.16549    0.01369      20.82    A 1512.60     0.31433   0.02622    0.00034       0.52   38   38   0.6766
  39  33    A 1540.85    -0.83863   0.07062    0.00249       3.84    A 1525.31     1.05100   0.08805    0.00388       5.91   39   39  -0.7135
  40  34    A 1558.70     0.85300   0.07224    0.00261       4.07    A 1537.86    -3.89328   0.32752    0.05364      82.48   40   40   0.3145
  41  35    A 1565.63    -0.19792   0.01680    0.00014       0.22    A 1546.03    -1.13788   0.09598    0.00461       7.12   41   41  -0.0760
  42  36    A 1651.28     0.15630   0.01363    0.00009       0.15    A 1598.21     0.18765   0.01609    0.00013       0.21   42   42   0.9049
  43  37    A 1685.04    -2.96969   0.26151    0.03419      57.62    A 1637.97    -2.17256   0.18862    0.01779      29.14   43   43  -0.9146
  44  38    A 3010.47    -0.10573   0.01245    0.00008       0.23    A 3090.35     0.09329   0.01112    0.00006       0.19   44   44  -0.8450
  45  39    A 3017.97     0.81864   0.09648    0.00465      14.05    A 3094.02     0.75933   0.09061    0.00410      12.70   45   45  -0.8262
  46  40    A 3105.82     0.09723   0.01162    0.00007       0.21    A 3188.93    -0.17675   0.02141    0.00023       0.73   46   46   0.1469
  47  41    A 3106.45     0.41217   0.04928    0.00121       3.77    A 3192.23    -0.51486   0.06240    0.00195       6.22   47   47   0.1775
  48  42    A 3168.35    -0.10686   0.01290    0.00008       0.26    A 3221.21    -0.00679   0.00083    0.00000       0.00   48   48  -0.8137
  49  43    A 3178.41    -0.22573   0.02730    0.00037       1.18    A 3226.88    -0.16097   0.01962    0.00019       0.62   49   49   0.8804
  50  44    A 3205.40     0.17114   0.02079    0.00022       0.69    A 3242.38     0.11400   0.01393    0.00010       0.31   50   50  -0.9649
  51  45    A 3211.64     0.04137   0.00503    0.00001       0.04    A 3250.41     0.03785   0.00463    0.00001       0.03   51   51   0.9971
  52  46    A 3232.10    -0.15643   0.01908    0.00018       0.59    A 3258.38     0.19052   0.02333    0.00027       0.89   52   52   0.9672
  53  47    A 3249.35    -0.18192   0.02225    0.00025       0.80    A 3273.42    -0.13462   0.01652    0.00014       0.45   53   53   0.9960
  54  48    A 3250.99     0.37267   0.04558    0.00104       3.38    A 3274.22    -0.25017   0.03071    0.00047       1.54   54   54   0.9959
--------------------------------------------------------------------------------------------------------------------------------------------
  Total reorganization energy      (cm-1):         1573.332406       1921.461638
--------------------------------------------------------------------------------------------------------------------------------------------
--------------------------------------------------------------------------------------------------------------------------------------------
  END_OUTPUT_1
END_DATA_1

BEGIN_DUSH_1     Delta DUSH =   #######
  BEGIN_DUSH_INFORMATION1
  Qg = S(g,e) Qe + Dg
  END_DUSH_INFORMATION1
  BEGIN_DUSH_DATA_1
--------------------------------------------------------------------------------------------------------------------------------------------
  MODE       1
-9.181803e-01  3.177066e-02  3.112353e-02 -3.920650e-01  7.018180e-02 -3.091970e-02 -3.405495e-02 -2.554047e-02  1.112883e-01  7.414821e-02
 4.069066e-02 -3.978629e-02 -1.824212e-02  8.431308e-03  2.414776e-02  1.509212e-03  3.860861e-03  5.031038e-02 -1.807522e-02 -1.617516e-03
 4.219556e-03  2.042855e-02 -1.365129e-01  2.275824e-02 -4.691562e-02 -5.747191e-02  1.127662e-01  3.870895e-02 -5.093388e-02  1.782164e-01
 1.508126e-01  6.306682e-02  9.461752e-02 -3.760470e-02 -3.669096e-02  7.617801e-02  1.955092e-02  6.199659e-02 -7.054465e-02  1.945585e-02
 2.287856e-02  5.050914e-02 -2.792251e-03 -4.705425e-03  1.697493e-02  1.944436e-02  3.226678e-02  9.384700e-04  1.044728e-01 -2.498062e-03
 1.094976e-03 -2.596990e-03 -4.617936e-03 -3.032763e-04 
  MODE       2
-5.905233e-03 -2.062696e-01  8.419687e-01  1.071834e-02 -3.436700e-01 -4.030829e-01  8.187452e-04  6.739758e-03 -2.144111e-01  1.269845e-01
-7.922139e-02  1.349835e-02 -3.812336e-02 -6.045146e-02  6.240604e-02 -1.891451e-04  2.539328e-02  1.553645e-02 -2.280053e-02  2.231622e-03
 2.922469e-03  5.338355e-03 -6.576175e-02  2.487305e-02  5.226386e-02 -1.106263e-01  6.252243e-02 -2.858858e-02 -3.761720e-02 -1.518265e-01
-1.409295e-01 -3.608897e-02  1.187382e-01  1.521583e-02 -1.366552e-02 -8.840371e-02  8.514659e-04 -3.656734e-02  4.563633e-02  7.869829e-02
 7.568308e-03 -3.066044e-02 -1.688339e-02 -1.214884e-02  4.882681e-03  3.608808e-02  1.403045e-02 -7.460327e-02  4.934252e-02 -2.921992e-03
 3.269594e-05 -2.541407e-03 -3.399021e-03 -4.301818e-03 
  MODE       3
 3.042666e-02 -8.863875e-01  5.280204e-02 -7.784825e-02  2.654457e-01  2.392999e-01 -1.002576e-01  1.799239e-01  1.350402e-02 -8.904761e-02
 1.258116e-01 -2.303605e-03  1.626197e-02  4.009274e-02 -1.556053e-02  4.883724e-03  1.365127e-02 -2.600498e-02  3.835109e-03 -8.183146e-04
 1.924341e-03 -1.127396e-02  4.497750e-02  4.527241e-02  2.566046e-04 -6.674140e-05 -3.510262e-02 -4.436322e-03  1.724896e-02 -1.767343e-02
-6.033515e-02 -1.078704e-02 -1.286103e-02 -6.077551e-04 -8.721431e-03 -4.043431e-02 -6.665158e-04 -2.989530e-02  6.047904e-03  4.819642e-03
 1.763972e-02 -1.410744e-02  8.177152e-03 -8.506273e-03  1.036637e-02  2.184560e-02  2.575167e-02  1.225464e-02 -1.700736e-02 -8.065659e-04
 2.134728e-03 -5.497070e-04 -5.832439e-03 -2.123500e-03 
  MODE       4
 2.219731e-01 -1.312577e-01 -1.441385e-01 -6.982428e-01 -4.881572e-01  2.005161e-01  8.458222e-02 -1.925656e-01  1.345050e-01 -7.160320e-02
-1.219084e-01 -2.593501e-02  4.349043e-02 -2.240970e-02 -7.275931e-02  3.996448e-03 -1.504340e-02 -5.657828e-03  1.589049e-03 -5.876799e-03
-5.622487e-03  9.061006e-03 -2.819630e-02  3.039900e-02 -2.255205e-02  1.474811e-01 -1.825177e-02  9.045820e-03 -1.136925e-02  1.253708e-01
 1.173446e-01  5.692835e-02  6.093392e-03 -1.316585e-02  2.342895e-03  7.812671e-02 -5.220095e-03  5.107141e-02 -2.224951e-02  2.421898e-03
 6.455451e-04  4.932133e-02  1.576341e-03  2.255112e-02  1.032053e-03 -6.345978e-02  2.484632e-03  2.084262e-02  6.465424e-03  4.099876e-05
 6.090655e-04  1.954384e-04 -3.203880e-03  1.888842e-03 
  MODE       5
 3.119266e-02 -2.109304e-01 -3.807387e-01 -8.359043e-02 -3.966733e-02 -9.010949e-01 -1.395165e-01  2.636072e-01 -7.763182e-02  1.281963e-01
 2.168117e-02 -7.478814e-03 -5.963957e-03 -5.459402e-02 -7.994775e-04  1.043690e-02 -2.335117e-02  6.675002e-02 -3.277909e-02 -1.212174e-03
-4.569902e-03  7.138866e-03 -7.106627e-02  7.000979e-02 -8.088608e-03 -1.253281e-01  2.211631e-02  1.153792e-02  9.743619e-03 -4.461858e-02
-3.214262e-02 -2.992403e-02 -1.363147e-02  3.687683e-03 -5.425784e-04 -2.808832e-02 -8.714673e-03 -2.230525e-02  1.299509e-02 -2.893310e-03
 1.514682e-02 -2.617348e-02  7.247742e-03 -1.410129e-02  1.166663e-02  3.462485e-02  3.350362e-02 -4.737403e-03 -3.423391e-04  1.237444e-03
-1.285298e-03 -9.316270e-07  4.558465e-03 -2.452428e-03 
  MODE       6
 3.054575e-01  1.800753e-01  1.931976e-01 -5.094021e-01  6.562712e-01 -2.716207e-01  1.470964e-01 -1.149913e-01 -2.102759e-01  8.190401e-02
-1.003427e-01  6.121897e-02 -5.349499e-02 -1.929023e-02  9.348923e-02 -1.293308e-02  2.051964e-02 -1.004533e-02  3.685067e-03  5.502596e-03
 6.163355e-03  3.880538e-03  6.279206e-02  6.347734e-03  2.854969e-02 -1.760490e-01 -2.504119e-02 -1.047645e-02 -3.149020e-03 -9.525056e-02
-1.717158e-01 -8.033023e-02 -8.510814e-03  9.900737e-03  4.188735e-03 -1.005443e-01 -1.522678e-02 -7.968778e-02  5.037290e-02  2.504694e-03
 1.685624e-03 -6.652640e-02  9.272194e-04 -2.119078e-02 -5.146850e-03  6.979968e-02 -1.360877e-02 -2.530128e-03 -4.352152e-03 -6.209267e-05
 1.680982e-03 -1.477177e-04 -4.157700e-03  4.566892e-04 
  MODE       7
 7.521500e-02  2.522760e-01  2.032650e-01 -1.985937e-01 -1.086182e-01  1.007011e-01 -3.786528e-01  7.321442e-01  1.963260e-02 -7.207354e-02
-1.161799e-01 -4.605136e-04  6.874596e-02 -3.050077e-02 -5.804653e-02  2.717124e-02 -1.096893e-02 -6.762127e-02  8.093997e-03 -7.780109e-03
-3.338710e-04  2.401545e-02  5.579640e-02  1.229723e-01  1.327941e-02 -1.439596e-01  7.860193e-04  3.592671e-03 -3.809565e-02  1.355457e-02
 1.227248e-02  7.944320e-03  1.005935e-01 -7.308008e-03 -3.965591e-02  1.669767e-02 -2.819285e-02 -2.158187e-02 -2.238847e-02  7.828382e-02
 5.101817e-02  4.518308e-03 -1.143643e-02 -1.813141e-02  3.196952e-02  5.467115e-02  8.528219e-02  3.030112e-02  9.944166e-03  1.306745e-03
 1.697582e-03  1.690318e-03 -3.304510e-03 -2.166248e-03 
  MODE       8
-5.527467e-02 -9.456864e-03 -1.035252e-02  3.355767e-03 -3.976938e-02  1.680217e-02  8.614301e-01  4.608114e-01  5.023299e-02  1.312634e-02
 4.622125e-02 -9.581146e-03  2.553126e-04  3.431642e-03 -1.465798e-03 -6.952924e-02  7.203341e-06  1.220281e-03 -7.212815e-03 -1.031699e-02
-9.210582e-05 -6.407799e-03 -1.199794e-03 -7.727336e-03 -2.176343e-03  5.786038e-03  2.334659e-03  6.699940e-03  6.400063e-03 -4.298639e-03
 4.663315e-03  7.903735e-03  3.978582e-04  6.267891e-04 -8.036076e-04 -2.533484e-03 -2.734197e-03  1.110230e-03 -2.223278e-03 -6.108927e-03
-1.701135e-03  1.293579e-03 -4.575645e-04 -3.762087e-04  8.899082e-04 -1.734652e-03  8.931305e-04 -1.492546e-03 -1.395735e-03 -2.313055e-03
-5.626919e-04 -4.244016e-03  1.874067e-04 -6.360883e-03 
  MODE       9
-1.253149e-02 -1.039994e-02 -1.263906e-02  3.083562e-02  5.063149e-02 -2.586859e-02  4.303335e-02  3.369043e-02 -8.476887e-01 -3.921868e-01
 9.889931e-03 -2.668523e-02  5.040155e-02  1.521387e-03 -7.464500e-02 -1.482000e-02 -2.384699e-02  2.777266e-03 -1.072409e-04  3.200390e-03
-3.133034e-03 -2.061223e-03 -3.710440e-03 -2.824510e-02  3.672498e-04  8.753355e-02  1.092729e-02 -1.321069e-02 -1.578835e-03  3.746596e-02
 5.754859e-02 -3.464860e-03  3.229291e-03  1.663398e-03 -5.330931e-04  5.263958e-02 -2.723472e-03  3.388190e-02 -5.325119e-03  2.354564e-03
 3.215797e-04  2.534797e-02 -1.545834e-03  9.513284e-03  8.135589e-04 -3.953988e-02  2.247939e-03  5.420322e-03 -1.440073e-03 -1.011294e-04
-1.760424e-04 -2.175140e-04  3.507253e-03 -3.196054e-04 
  MODE      10
 1.587341e-02  4.184837e-02  5.962003e-02 -1.525303e-02 -6.816915e-02 -1.563292e-01  2.621519e-02 -6.932030e-02  3.577546e-01 -8.617618e-01
 2.557674e-01 -8.337812e-03  2.583549e-01 -2.653917e-03  6.024930e-02 -2.717218e-03  8.103573e-03 -1.924913e-02  1.173205e-02  1.459011e-03
-4.689505e-02 -1.515951e-03  4.003354e-02  2.861442e-02 -8.474031e-03  2.294344e-02 -2.902483e-02  2.648897e-03 -4.620437e-03 -9.645674e-03
-2.862354e-03 -6.110162e-03  2.573619e-02 -5.167422e-04 -5.060643e-03 -6.667647e-04  3.313555e-03 -7.625751e-03 -7.526355e-03  1.881036e-02
 7.032912e-03 -5.898801e-03  3.690969e-03 -1.189483e-03  6.004762e-03  3.525476e-03  1.017761e-02  6.415533e-03 -5.933642e-04  1.003529e-03
 1.294004e-03 -7.788932e-04  1.263244e-03 -3.405899e-04 
  MODE      11
-7.318919e-02 -7.711128e-02 -3.148373e-02  1.036855e-01  7.212783e-03 -9.515212e-02 -1.114361e-03  6.889291e-02  7.189781e-02 -1.841728e-01
-8.665582e-01  1.393173e-03  1.460743e-02  5.758178e-02  9.833113e-02  1.820778e-03  1.459676e-02 -6.132561e-03  2.673070e-03 -5.429444e-03
-8.649000e-03 -1.260603e-02 -2.161150e-02 -1.656089e-01 -6.281378e-03  7.402917e-02  1.359484e-02 -2.786580e-03  1.953428e-02 -1.488684e-02
-8.504644e-03 -6.640506e-03 -4.669812e-02  6.317959e-03  1.046834e-02 -1.177115e-02  1.083594e-02  1.688085e-02  1.627472e-02 -2.343353e-02
-1.811886e-02 -3.849634e-03  7.603526e-03  1.146781e-02 -2.363442e-02 -3.385561e-02 -5.473985e-02 -2.269173e-02  7.987588e-04 -4.548127e-04
-6.625258e-04  3.955646e-04  2.171683e-03 -5.145596e-03 
  MODE      12
-1.265168e-02 -1.162484e-02 -5.516771e-03  1.291775e-02  1.891849e-02 -8.574487e-03  3.478102e-03  7.089457e-03  5.429250e-03 -3.495921e-03
 3.009649e-03  9.896348e-01  5.094951e-02  7.410483e-04 -4.896298e-02  1.502624e-03 -1.977407e-02  3.134688e-04 -2.394485e-04  3.878424e-03
 5.045242e-03 -3.160318e-04 -6.774145e-03  7.689685e-04 -1.573224e-02  1.749169e-02  9.791159e-04 -2.779370e-02  6.463462e-04  1.182981e-02
 4.892040e-03 -1.224381e-02  6.623050e-04  6.293268e-04  6.010657e-04  2.696466e-02  2.809380e-03  1.533717e-02 -8.983513e-03 -8.382157e-05
-6.552908e-04  1.851369e-02  4.699025e-04  2.100972e-03  4.680763e-04 -5.443445e-03  1.267666e-03  8.665086e-04  1.620211e-04 -1.709889e-05
-1.227993e-03  6.901381e-06 -5.246094e-05 -5.485364e-05 
  MODE      13
-3.759997e-03 -1.633238e-02 -1.600502e-02  7.131155e-03 -1.246699e-02  3.840148e-02  8.184358e-03 -1.408979e-02 -7.425464e-02  2.409870e-01
-1.717665e-02 -4.192991e-02  9.575815e-01 -2.301037e-02 -3.992563e-02  1.907420e-04  7.403987e-02  1.578892e-02 -5.748602e-03  1.795735e-04
 3.848046e-02 -4.796363e-03 -5.010755e-03 -8.209243e-03 -1.267666e-02 -1.016519e-02 -6.088926e-03  6.997824e-03  5.367191e-03 -1.131298e-02
 2.869007e-03 -4.295673e-03 -3.518481e-03  4.305458e-03  4.073004e-03 -4.620371e-03  2.516450e-03  4.073295e-03  4.010218e-03 -2.060993e-03
 8.179041e-04 -4.504949e-03  1.956077e-03 -4.491692e-04 -7.686124e-04 -1.375137e-03 -3.613416e-03 -6.274565e-04 -5.064307e-04 -1.191945e-03
-2.903159e-03 -6.500293e-04  5.167502e-03 -1.256684e-03 
  MODE      14
 1.999212e-02  1.883130e-02 -3.515665e-03 -2.927833e-02  7.339037e-03  5.208471e-02 -9.265999e-03  5.194941e-03  1.049609e-02 -2.204874e-02
 9.189037e-03  3.523365e-03  4.336053e-02  9.602942e-01  1.737704e-01 -4.239567e-02 -2.641841e-02  3.236997e-02 -5.740504e-02  7.567484e-03
-3.035741e-03  1.344992e-02 -5.253917e-04  7.502267e-02 -1.122462e-03  1.725757e-02  5.129617e-02 -9.769290e-04  2.029631e-02  4.833536e-03
 6.082169e-03  1.173645e-03 -3.384973e-02 -2.137969e-03 -5.542407e-04  7.222518e-03 -1.388045e-02 -6.347491e-03 -9.898622e-03 -3.681754e-02
-6.726671e-03  1.449769e-03 -1.047487e-02 -1.417446e-03  7.669360e-03  4.014178e-03  1.053814e-02  6.043969e-03 -2.972763e-03 -2.426575e-03
 4.296644e-04  1.703758e-03 -5.872683e-04  1.024617e-03 
  MODE      15
 5.686097e-04  9.234026e-03  2.566836e-02  1.156496e-03 -5.759774e-03 -1.012609e-02  5.013800e-03 -1.007455e-02  5.741281e-02 -7.268024e-02
-2.250863e-02 -2.716431e-02 -3.351131e-02  2.070895e-01 -9.573092e-01 -9.401520e-03  1.660631e-01  3.351199e-03 -6.240442e-03  1.216973e-03
 2.411297e-02 -2.648678e-03  1.435585e-02  2.181408e-03 -2.795328e-03  3.753239e-02 -7.755717e-03  1.848906e-03  5.642519e-03 -7.205290e-03
-1.328701e-02  4.006893e-03  1.557893e-03 -4.194144e-03 -2.736587e-03 -8.641054e-03  1.442025e-03 -1.099967e-02  6.874768e-04 -1.274365e-03
 1.817580e-03 -1.556040e-03 -2.452507e-03  1.437267e-03  1.020888e-03 -2.901282e-03 -7.855701e-04  5.225564e-04 -4.603452e-04 -8.417865e-04
-1.216102e-03  2.705439e-04  1.692838e-03 -5.890622e-04 
  MODE      16
-5.344748e-03  1.009005e-03  1.015179e-03 -1.124725e-02  3.246290e-03 -1.344355e-03 -7.959751e-02 -1.419781e-02  4.492626e-03  3.059370e-03
 7.696092e-03 -4.291672e-04 -6.237072e-04 -4.335435e-02  1.016473e-03 -9.954046e-01  6.812066e-04 -1.316913e-02 -1.052304e-02  1.886135e-02
-1.675137e-04  1.412979e-02  7.679538e-03 -4.687206e-02  5.295009e-03  7.503848e-04 -1.394938e-03 -5.548360e-04 -1.591793e-02 -4.447792e-03
-4.943645e-03  2.098755e-03 -9.776233e-03 -2.717595e-03 -5.885306e-03 -5.578049e-03 -1.334199e-02 -1.479052e-03  1.392765e-03 -1.176804e-02
-4.754081e-03 -5.591683e-04 -9.678518e-03  8.075489e-04 -1.659446e-03  2.918780e-04 -1.491282e-03  7.876581e-04 -1.013087e-03  1.708768e-04
 3.229208e-04  9.645109e-04 -2.918820e-04  1.818558e-03 
  MODE      17
 5.616594e-04 -1.288766e-03 -2.184449e-02 -1.614196e-03 -8.708733e-03 -1.142418e-02 -1.877347e-03  3.158986e-03 -1.526145e-02  3.616945e-03
 3.581691e-03  1.560860e-02 -6.263469e-02 -1.663547e-02  1.655901e-01  6.719238e-04  9.822017e-01  1.781540e-02 -1.381820e-02  7.415323e-04
 1.699997e-02 -1.752938e-03 -2.298652e-02  6.146975e-03 -2.144336e-02 -3.681864e-02  1.043290e-02  5.172006e-03  3.171794e-03 -5.415624e-03
 1.389979e-02 -2.779998e-03 -1.010440e-02  7.459431e-03  5.393225e-03  1.085199e-03 -2.716738e-03  6.294669e-03 -5.473754e-03 -5.888248e-03
-3.598198e-03 -1.078972e-03  1.576355e-03 -1.515977e-03  1.745135e-04  1.180717e-03  3.084203e-04 -5.103003e-04  7.460617e-05 -7.398526e-05
-2.908282e-04 -1.102697e-04  1.010017e-03  2.027849e-04 
  MODE      18
 3.293489e-03 -4.203128e-03  3.500877e-03  1.932370e-06 -3.643279e-03 -1.429400e-02  5.612601e-03 -7.036644e-03 -1.197326e-02  1.421728e-02
-3.326334e-02  1.577235e-03 -2.071831e-02 -4.016471e-02  1.358268e-02 -1.897713e-02 -8.095653e-03  9.894384e-01 -2.388813e-02 -4.552386e-03
-4.127903e-02 -2.632475e-02  3.674188e-02  1.253796e-01  4.083177e-03 -1.327972e-01 -8.006656e-03  7.450899e-03  4.656430e-02  1.437551e-02
 6.810917e-03  2.178490e-03 -1.752886e-02  2.678703e-03  2.304429e-02 -4.596347e-04  6.060756e-03  1.363536e-02  1.116889e-02 -5.841600e-02
-7.215381e-03  1.358183e-03 -2.041304e-02  2.283531e-04 -3.434681e-03 -3.409687e-04 -5.074297e-03 -1.726771e-03  2.776911e-03 -2.190486e-03
-7.409708e-06  7.280095e-04 -2.402518e-05  2.718936e-03 
  MODE      19
 2.556323e-04 -2.368264e-04 -2.354729e-04  3.553692e-03 -9.465104e-04  4.028231e-04  5.913242e-03 -5.297866e-03 -2.049902e-03 -1.233493e-03
-3.513896e-03  1.354948e-03  1.984920e-04  2.695363e-03 -4.271226e-04 -2.060550e-02 -2.862579e-04 -1.303843e-02 -4.237632e-02 -1.000000e+00
 3.046941e-04 -3.075800e-02 -5.573583e-03  4.751157e-02 -5.177637e-03 -1.277495e-03  6.496545e-03  2.398023e-03  1.682868e-02  1.766288e-03
 3.481830e-03 -3.240117e-04  1.929755e-03  1.943422e-03  3.514560e-03  1.162796e-03  5.938000e-03 -6.914497e-04  1.367283e-04  1.359946e-03
 6.118853e-03  1.274479e-03 -2.093776e-03 -4.360095e-04  6.190115e-04 -5.054518e-05  2.180531e-04 -3.890539e-04  2.672485e-04 -1.122882e-04
 1.126549e-04 -1.343870e-05  2.304917e-04 -1.126865e-03 
  MODE      20
 1.518643e-03  5.462331e-03  6.351900e-03  9.541454e-04 -5.338292e-03 -9.431903e-03  3.274430e-03 -1.230541e-04 -8.279009e-04  2.114396e-03
 7.577949e-03  5.387281e-04 -2.378854e-03  5.028133e-02  8.926461e-03 -1.182562e-02  5.753981e-03  3.198515e-02  9.743546e-01 -4.400666e-02
 1.354248e-01  1.006060e-01 -2.105524e-02  3.701602e-02 -1.293723e-05  7.096899e-02  9.898447e-02 -6.356201e-03  1.466914e-02 -9.290268e-03
-5.978774e-03 -2.568308e-03  2.080620e-03 -1.384031e-03 -1.054786e-03 -2.471229e-04 -1.683835e-02 -7.582975e-03 -5.275620e-03 -7.283414e-03
 8.111027e-03 -8.598057e-04 -2.543115e-02 -5.115011e-04  1.071595e-03  1.385315e-03  2.350977e-03 -1.575252e-04  3.129150e-04  2.609352e-03
 3.040101e-05  1.957521e-03 -1.585386e-04  2.484211e-03 
  MODE      21
-2.301684e-04 -2.832568e-03 -1.706478e-03  5.221889e-04 -1.540288e-03  1.210513e-02  7.776820e-04 -8.445124e-04 -1.645708e-02  4.248421e-02
 9.922765e-04 -3.608775e-03  2.060321e-02  8.904076e-03 -3.534724e-02 -9.903374e-04  3.698943e-02 -3.605738e-02  1.355461e-01 -5.745043e-03
-9.878242e-01  1.035096e-02 -2.396016e-02 -3.952397e-04 -1.352577e-02 -5.885272e-03  1.485520e-02  1.564001e-02  3.199967e-03 -9.745898e-03
 4.342142e-03  5.367041e-03 -2.930857e-03  2.339898e-03  1.388848e-03 -6.092518e-03 -2.331561e-03 -1.031886e-03  3.314833e-04  2.986276e-04
 1.497426e-03 -3.573515e-03 -2.366264e-03 -5.571620e-04  4.676215e-04  4.334744e-04  2.775671e-04 -5.581904e-06 -1.976569e-07  4.498110e-04
-2.367868e-04  3.369143e-04  1.067722e-03 -1.817480e-05 
  MODE      22
-1.464128e-03  1.304288e-02  9.311121e-03 -9.352444e-03 -7.278572e-03 -3.013793e-03 -6.815655e-03  9.423596e-04 -8.784537e-04  1.725675e-03
-8.211503e-03 -1.426992e-04  3.769678e-03  1.119215e-02 -2.314184e-03 -2.433567e-02 -4.707858e-03 -3.716578e-02  8.665853e-02  3.889807e-02
 6.035130e-03 -9.849120e-01 -8.190451e-03  6.874760e-02  1.372257e-04  2.564276e-02  2.366418e-02 -1.930419e-03  6.362863e-02 -4.279664e-03
-2.308023e-03 -7.179340e-04 -1.165121e-02 -2.984831e-03  2.986649e-03  2.333524e-03  1.003103e-02 -1.341413e-02 -1.025719e-02  1.192732e-02
 3.268192e-02 -1.095187e-03 -6.098496e-02 -8.108661e-04  1.227744e-03  2.369308e-03  4.153374e-03  7.818268e-04  8.238343e-04 -4.332809e-03
 5.171296e-05  2.150600e-03 -9.035353e-05  9.247191e-04 
  MODE      23
-1.599614e-03  9.542221e-03  5.735499e-03  7.187149e-03  4.864695e-04  1.239928e-02  4.352432e-03 -7.355444e-04 -1.683448e-02 -2.259590e-02
-1.029183e-02  8.192022e-05 -7.113341e-04 -8.039996e-03 -1.075453e-02 -1.346130e-02 -1.595759e-02 -2.054765e-02 -2.729652e-03  1.353825e-02
 1.774389e-02  1.478305e-02 -8.659280e-01  2.159947e-01  2.841825e-01 -3.177980e-01 -8.732593e-02 -1.612958e-02  1.608008e-02 -4.360465e-02
 9.512011e-03  6.902522e-03 -3.023197e-02 -1.460437e-02 -3.186611e-04  2.063648e-02  1.562613e-02 -2.796278e-03  2.516801e-02 -2.684125e-02
-3.387789e-03  6.026263e-03  9.854121e-03  2.376459e-03 -1.354102e-03 -3.097240e-03 -2.041617e-03  3.763258e-03  3.692689e-04  2.163042e-05
 5.397845e-04 -5.132784e-05 -2.117970e-04  1.013586e-04 
  MODE      24
 1.021199e-02  1.100488e-02  1.242093e-02 -9.486658e-03 -3.696854e-03  1.599618e-03  5.495049e-04 -6.463020e-03 -2.044024e-02 -2.551383e-04
-8.145888e-03 -5.398269e-03 -1.330941e-02 -4.935121e-03  6.735422e-03 -9.245618e-03 -2.008689e-02 -1.046237e-02 -1.135491e-03  1.125577e-02
 1.836250e-02  8.165991e-03 -2.174323e-01  1.107880e-01 -9.434885e-01 -1.379251e-01 -4.610834e-02 -1.114656e-02  7.589966e-03 -1.460161e-01
-5.658022e-03  8.085887e-02 -2.140980e-02 -1.416952e-02 -6.125345e-03 -2.025745e-02 -7.202645e-03 -2.142746e-02 -9.099338e-04 -7.991092e-03
 9.272945e-03  8.760391e-04  5.377407e-03 -2.244487e-04 -1.000328e-03  1.482354e-03 -1.952634e-03  7.656122e-04 -1.983311e-06  4.054286e-05
-1.120904e-03  1.038706e-07 -2.606162e-03  1.132891e-04 
  MODE      25
-3.261143e-02 -2.548137e-03 -1.274980e-03  4.907607e-02  4.326324e-03 -6.992612e-03  8.818456e-03  9.848441e-04 -2.883391e-03  3.122352e-03
-3.577393e-02 -1.679885e-03  2.602991e-03 -3.022524e-02  1.485223e-03 -3.609515e-02  6.655094e-03 -8.089413e-02 -1.112158e-02  3.909306e-02
-7.026539e-03  5.947643e-02  2.086901e-01  8.607126e-01  2.222267e-02  9.964809e-02 -3.429294e-01 -1.467824e-04  6.332195e-02  1.747519e-01
 2.365014e-02 -1.963902e-02 -1.258337e-01 -1.231775e-02 -1.007120e-02  1.034995e-02  4.265534e-02  2.489399e-02 -2.816996e-02 -9.826656e-02
 2.757956e-03  4.596041e-04  3.986073e-02  1.352219e-04 -3.637672e-03  3.257620e-03 -3.584873e-03 -1.037552e-03  1.263739e-03  1.497891e-04
 6.731645e-05 -1.452881e-04  6.638075e-04  5.352072e-04 
  MODE      26
 6.099588e-03  3.652027e-02  3.036068e-02 -5.536604e-03 -2.639721e-02 -3.104222e-02 -3.614104e-03  7.717914e-03  4.160786e-04  3.736779e-02
 3.128741e-02 -1.942906e-03  1.492930e-03  2.253336e-02  2.695143e-02 -3.388739e-03  2.056575e-02  8.553428e-02 -6.559690e-02  1.779351e-03
-1.403691e-02  1.805507e-02 -2.886955e-01  3.672736e-02 -2.435742e-02  8.992268e-01 -1.644001e-02 -5.033162e-02 -7.682965e-02 -1.202488e-01
-5.922907e-02 -1.888336e-02  1.427252e-01 -9.753216e-04 -2.195030e-02 -2.276948e-02 -7.721907e-03 -3.577439e-02 -2.120621e-02  9.549360e-02
-2.949991e-03 -1.017899e-02 -3.010297e-02 -3.312601e-03  4.008839e-03  6.694961e-03  2.916388e-03 -6.173525e-04  2.941488e-03 -4.333977e-04
-2.648264e-06  1.035709e-04 -9.645398e-05 -3.677004e-04 
  MODE      27
-4.151486e-03 -3.797427e-03 -4.882264e-03  6.935678e-03 -1.417261e-03  7.729917e-04  1.777403e-03  4.283814e-03  1.541556e-02  2.464506e-03
 2.975099e-03 -2.870893e-02  8.649159e-03  1.417023e-03 -3.759566e-03  1.031170e-03  7.653205e-03  2.591282e-03  4.259559e-04 -3.629307e-03
-1.639052e-02 -2.288596e-03  2.885691e-03 -2.969595e-02 -1.638439e-02 -2.530757e-02  1.113425e-02 -9.757140e-01 -2.003966e-03  1.980640e-01
-3.141794e-02  3.809605e-02  8.772187e-03 -6.295036e-03  4.947854e-03 -3.651662e-02  9.734155e-03 -1.647657e-02  3.648888e-02 -1.447176e-03
-8.700166e-03 -5.893446e-02 -1.890108e-03  8.661634e-04  3.392554e-04 -5.413940e-04  8.135543e-04  3.331442e-04 -1.919048e-04 -7.560362e-06
 3.994142e-04 -8.115085e-06  1.185636e-03 -3.068285e-05 
  MODE      28
 7.504504e-03  2.864567e-03 -2.387917e-03 -8.439914e-03  5.162027e-03  1.948494e-02  3.132683e-03 -2.381431e-03  1.023568e-02 -1.862539e-02
 2.127304e-03 -9.196083e-04  9.523302e-03 -4.214004e-02 -1.783197e-02 -4.205505e-03 -8.152664e-03 -1.465922e-02 -7.266309e-02  1.474336e-02
 3.407898e-04 -5.464995e-03  1.097797e-02  3.167714e-01 -4.150289e-05 -2.081795e-02  7.598573e-01  8.627406e-04 -5.184198e-01  5.843387e-03
 3.343103e-03  1.379798e-03 -5.715369e-02 -1.105269e-03  3.396742e-03  2.607311e-03  5.294685e-02 -1.487815e-03 -2.181107e-03  6.426023e-02
-1.317508e-02  7.113861e-04  6.562707e-02  2.476328e-03 -1.817612e-03 -6.873987e-03 -1.028036e-02 -2.579442e-03 -3.489805e-04  1.774042e-03
-1.538733e-04  9.612586e-04  3.306108e-04 -4.989672e-04 
  MODE      29
 5.932887e-04  1.826354e-02  1.098674e-02 -1.812328e-02 -5.529994e-03  1.086592e-02 -6.951676e-03 -1.171618e-02  5.750078e-03 -9.404735e-03
 1.734352e-03 -3.943325e-04  3.326214e-03 -4.462971e-02 -9.763451e-03 -1.562748e-02 -6.407004e-03 -3.893754e-02 -6.823083e-02  2.627108e-02
 5.877316e-04  6.944224e-02 -1.317297e-02  1.374098e-01 -7.116667e-04  4.908093e-02  4.871457e-01 -3.409107e-03  8.414988e-01 -4.128392e-03
-3.507008e-03 -1.726389e-04  4.378619e-02 -6.762354e-03 -2.980511e-02  6.212150e-03  3.139381e-02 -2.773191e-02 -2.168693e-02  8.154980e-02
 1.959824e-03 -1.408338e-03  6.369947e-02  2.767898e-04  1.221128e-03 -6.730269e-04 -2.010413e-03 -1.760025e-04  1.486045e-03  9.800420e-04
-8.657934e-08 -1.771047e-03  1.490629e-05  2.903333e-03 
  MODE      30
 2.937080e-03 -6.575989e-04  3.650652e-04  2.356103e-03 -1.328191e-03 -9.862650e-03  2.884140e-03  4.040775e-03 -2.086885e-04  5.391940e-03
 3.817674e-03 -2.993696e-03  6.060480e-03  3.016553e-03  2.263814e-03 -5.019592e-04  7.199040e-03  6.006703e-03  1.811154e-03 -1.632700e-03
-2.629044e-03 -6.264517e-03 -1.460416e-01 -7.988668e-02 -1.411599e-01  3.295240e-02  3.025804e-02  1.847829e-01 -6.192410e-03  8.799791e-01
-2.677106e-01 -2.314807e-01  2.811429e-02 -3.412439e-02  1.968952e-02  1.542725e-02  4.001041e-02  3.532565e-03  1.800911e-02 -9.660617e-03
-3.504995e-02  1.174825e-02 -5.394855e-03  4.179703e-04  9.036515e-04  5.297420e-03  2.446585e-03  4.813702e-03 -1.396646e-03  3.605428e-05
 4.907622e-04  8.219604e-05  9.929476e-04  5.973311e-05 
  MODE      31
 1.189592e-03 -9.149299e-04  5.009834e-04  1.502143e-03 -6.397054e-03  8.847949e-03  2.695151e-03  1.656432e-03  3.051440e-02  1.575827e-02
 5.677015e-05 -2.144488e-02 -8.396149e-03 -6.031062e-04 -1.297799e-03 -4.762463e-03 -5.548217e-03 -3.780755e-04 -6.411283e-04  4.782109e-04
-3.317282e-03  9.969087e-04  2.429357e-02  1.002235e-02 -4.036628e-02 -4.649447e-02 -3.797344e-03 -6.991611e-02  1.022356e-03 -2.478554e-01
-7.016738e-02 -9.437709e-01 -1.150755e-02 -2.634887e-02 -1.074584e-02 -8.981366e-03 -2.462862e-02 -5.264047e-02  8.417068e-02  9.772132e-03
 2.074308e-02 -1.186847e-01  1.525157e-03  2.706863e-03 -1.890699e-04 -4.556338e-03 -6.562731e-04 -1.282525e-03  1.364485e-05 -1.318487e-05
 4.091445e-04 -1.805450e-05  4.192027e-03 -5.485915e-05 
  MODE      32
 6.816530e-03  3.073722e-03  6.712676e-03 -7.733019e-03 -4.057319e-03 -4.324130e-03  3.629304e-04 -2.275846e-03 -1.459966e-02 -2.007532e-03
-4.689750e-04 -1.341422e-03 -6.279423e-03  4.376327e-04 -3.890239e-03 -1.444342e-03 -1.009206e-02  2.057805e-03  3.911422e-04  6.848894e-04
 4.485388e-03 -1.532328e-03 -5.101168e-02 -2.398492e-02 -4.296652e-02  4.246287e-02  8.698354e-03  9.662593e-03 -1.944925e-03  2.175693e-01
 9.439221e-01 -1.368923e-01  2.628194e-03 -6.387174e-02 -4.085548e-04 -9.470463e-02 -3.678220e-03 -4.769460e-02 -1.566101e-02  3.362389e-03
 1.072716e-03 -1.556675e-02 -1.051205e-03 -1.427664e-03  4.178763e-04  7.435526e-03  1.077239e-03  3.082584e-03 -8.653111e-04  2.711638e-05
-2.061164e-04  3.948675e-05  3.050098e-04  7.228022e-05 
  MODE      33
-2.682617e-03  3.907198e-03  1.272083e-03 -6.434231e-03  1.154777e-03  6.559175e-03 -5.716275e-03  1.830036e-03  7.444218e-03 -7.038752e-03
 3.057122e-04 -1.218206e-03  6.890468e-03 -4.809637e-02 -9.131665e-03  1.462751e-02 -5.046470e-03  2.185269e-02 -4.902623e-03 -7.213702e-03
 6.238636e-04  8.823558e-03 -4.228162e-02 -8.816239e-02 -5.547872e-03  1.398383e-01  2.577532e-02 -6.535558e-03  4.040548e-02 -1.610714e-02
-4.728551e-03 -2.619106e-03 -9.081328e-01  1.421012e-02  7.429499e-02 -1.708591e-02  2.041111e-01  5.284115e-02  4.216823e-02 -1.831394e-01
-7.562135e-02  1.949050e-03  1.682027e-01 -1.350774e-03  5.092596e-03  3.374061e-03  1.440486e-03  2.635830e-03  7.033964e-04  1.848967e-03
 1.200490e-04 -8.672829e-04 -2.374362e-04 -2.581191e-04 
  MODE      34
 7.844425e-04  1.449061e-03  9.368126e-04 -3.184331e-03 -1.265431e-03  5.233692e-03 -8.531817e-04 -1.686470e-03 -5.547421e-03 -3.968087e-03
 3.454532e-04  1.043894e-03 -2.866303e-03 -8.772247e-04 -3.272273e-03 -2.012762e-03 -8.236495e-03  1.899305e-03 -1.699444e-03  2.088902e-03
 3.656791e-03  2.170245e-03 -3.138000e-02  9.221897e-03 -6.348559e-03 -1.080932e-02 -2.959434e-03 -8.985322e-04 -3.113297e-04  4.071963e-02
 1.057235e-02 -5.224364e-02 -3.742554e-02  8.851383e-01 -4.028461e-02 -2.792919e-01 -9.487508e-02 -7.819951e-02 -2.745080e-01  3.901683e-02
 7.312992e-02  1.322847e-02  4.301958e-03  6.888309e-03  8.219068e-04  2.613156e-04  1.611244e-03  3.314933e-03 -8.847532e-04  3.161801e-05
 7.195571e-05  2.433848e-05 -8.440096e-04  4.335075e-05 
  MODE      35
 1.893066e-03 -1.423080e-03  6.254121e-04 -9.917208e-05  2.495711e-03  9.484520e-04  1.181416e-03  9.200453e-04  3.482136e-03  5.338568e-05
-3.265518e-03 -1.427030e-02 -3.958044e-03  7.954276e-04 -8.282794e-03 -5.996653e-03 -6.453998e-03 -6.556186e-03  4.223747e-03  1.566138e-03
-1.659904e-03 -4.058302e-03 -6.104455e-03 -6.804842e-03 -3.644245e-02  2.043713e-02  5.450818e-04 -1.118399e-02  1.861323e-03 -1.260041e-03
 9.462791e-02 -3.305678e-03  9.435026e-02  3.331467e-01  1.033898e-01  8.101644e-01  2.419414e-01  7.924435e-02  6.295965e-02 -1.035911e-01
-1.942016e-01 -2.805158e-01 -1.038493e-02  5.887646e-03 -3.832274e-04  3.285040e-03  1.172064e-03  5.089755e-03 -3.621993e-04  4.915447e-05
 9.907908e-04  9.609649e-05  8.166352e-04  2.652616e-04 
  MODE      36
-6.621140e-03 -1.723623e-04 -1.382492e-03  4.259706e-03 -8.547007e-04  3.613685e-03 -1.968048e-04 -5.353248e-03 -8.168491e-05  1.139878e-03
 2.959445e-03  7.181413e-04 -2.366797e-03  1.182182e-02  1.921340e-03 -6.874998e-03 -1.244644e-03 -1.244891e-02 -1.489965e-04  4.873341e-03
 3.594501e-04  1.682930e-02  4.692249e-03  4.492277e-03  6.275926e-03 -1.777034e-03 -5.219851e-03 -4.017541e-03  5.425736e-03 -9.354322e-04
-1.354311e-02  1.015673e-03 -1.124331e-03 -6.065362e-02  8.476943e-01  6.086624e-02 -2.617489e-02 -2.501778e-01 -1.957044e-01  7.233178e-02
 3.700050e-01 -1.311912e-02  9.304562e-02 -7.577569e-04 -6.514294e-03  2.634777e-03 -7.207860e-04  2.128977e-03 -3.657783e-03  1.032833e-03
 4.251224e-05 -4.962351e-04  2.901066e-05 -1.233112e-03 
  MODE      37
 6.939176e-03  2.444067e-03  1.419975e-03 -4.841380e-03  9.377281e-03 -2.091201e-03  2.143694e-04 -1.428090e-03 -1.144771e-03  1.565471e-03
-9.830916e-03  4.651852e-03  2.900041e-04  1.740986e-03  5.593384e-03 -5.436100e-03  3.062651e-03 -1.726712e-02  1.059075e-02  2.290714e-03
 1.425171e-03 -9.218884e-03  1.537326e-02 -4.788585e-03  2.211210e-04 -9.584894e-03 -3.147764e-03  1.212920e-02  5.285184e-03 -5.362457e-02
-7.627092e-03 -1.269063e-02  2.324284e-01  5.710415e-02  2.560096e-01 -3.221859e-01  5.992482e-01 -2.196510e-01  1.510793e-01 -2.584927e-01
-4.843622e-01  2.018230e-01 -2.528396e-02  9.000310e-04 -4.013948e-03 -5.914158e-04 -5.996740e-03 -2.062668e-03  3.301743e-03 -3.391191e-05
 9.139505e-05  4.094778e-05 -3.016785e-03  2.488584e-04 
  MODE      38
-2.108710e-03 -2.869483e-03 -5.281656e-04  1.657260e-03  8.863082e-03  4.961222e-03 -2.711639e-03  5.674469e-03  4.418260e-03 -7.928621e-03
-3.598571e-03 -1.826251e-03 -2.542122e-03 -1.505984e-03 -7.244863e-03 -1.480570e-03 -4.379738e-03 -1.850342e-02 -8.829238e-04  2.252424e-03
 3.421064e-03 -1.510291e-02 -1.812145e-02  2.635838e-02 -1.779337e-02  3.078494e-02  2.577804e-02  9.565048e-03  3.073752e-02  1.431201e-03
 3.616524e-02 -2.698325e-03  5.363666e-02  1.642302e-01  3.671520e-01 -1.654931e-01 -2.525029e-01  6.765870e-01  5.212822e-01  3.030707e-02
-1.104446e-01  3.621625e-02  2.248620e-02  1.046248e-03 -4.591627e-03 -4.287014e-03 -3.903234e-04 -2.637387e-03 -2.647449e-03  5.327580e-04
 4.913189e-05  1.241872e-03 -4.011156e-04  2.392254e-03 
  MODE      39
 7.687413e-03  4.244731e-03  5.493844e-03 -8.629467e-03 -5.752256e-03 -1.069611e-03  6.970704e-04 -2.629249e-03 -6.453473e-03 -1.737712e-04
-4.010278e-03 -6.044718e-03 -4.142909e-03  7.652111e-04 -4.345285e-03 -5.709572e-04 -8.276606e-03 -4.449429e-03  3.419156e-03 -1.887707e-03
 1.149828e-03 -3.804791e-03 -2.139920e-02 -1.345399e-02 -7.914470e-03 -2.165964e-02  3.497605e-03 -2.004900e-02  9.097002e-04 -3.122873e-02
-1.893508e-02 -6.412405e-02  7.440101e-02 -1.730802e-01  7.998538e-02 -1.313019e-01  1.891628e-01  5.668000e-01 -7.135492e-01 -8.064998e-02
-1.552637e-01 -2.105441e-01 -8.450746e-03 -9.077144e-03 -2.984630e-03  4.513923e-03 -7.036190e-03 -7.086474e-03  3.206780e-03 -1.173674e-04
-4.303890e-05 -1.035022e-04  1.002418e-03 -1.849111e-04 
  MODE      40
 1.785469e-03 -6.642187e-03 -5.335284e-03  3.026107e-03  1.531783e-03  1.302033e-03 -4.934192e-04  7.839583e-03  9.352442e-04 -1.333988e-03
 4.503846e-03  2.572384e-04  3.938786e-03 -2.909560e-03 -2.882941e-03  3.376125e-03 -3.125348e-03  1.467823e-03 -7.856934e-04 -4.270899e-03
 1.039285e-04 -1.444945e-02  1.056673e-02  2.389060e-02  6.215105e-03 -1.984747e-02 -2.805062e-02 -2.657707e-03  7.510533e-03  1.577958e-03
-1.180076e-02  1.182834e-03 -1.398710e-01 -5.761367e-02  1.796683e-01  5.767629e-02 -4.753733e-01 -2.290878e-01 -1.746324e-01  3.144685e-01
-7.302817e-01 -1.323428e-02 -6.462168e-02 -1.892282e-03 -6.138205e-03  5.810307e-03  8.777134e-04  4.326474e-03 -6.514585e-03 -9.817975e-05
 1.285656e-04  1.343693e-03 -1.085332e-04  9.284971e-05 
  MODE      41
-3.577389e-03 -2.082801e-03 -4.815907e-03  3.837163e-04  3.801493e-03  9.774052e-03 -3.843007e-04  1.359450e-03  6.629642e-03 -7.902729e-03
-6.008951e-04 -6.201135e-04  7.827297e-03 -3.478721e-02 -8.136759e-03  1.066305e-02 -3.863982e-03 -1.983191e-02 -2.370075e-02 -1.612782e-03
-3.325230e-04 -2.915249e-02 -1.358371e-02 -6.398107e-04  3.618617e-04  5.701630e-02  8.780867e-02 -4.505977e-03  2.119972e-03 -6.018517e-03
-7.992456e-03 -3.473611e-04  1.376545e-01 -2.501156e-02 -8.311559e-03  2.377869e-02 -4.380160e-01 -9.995124e-02 -7.667121e-02 -8.056437e-01
-7.602769e-02 -6.120773e-03  3.181807e-01  6.940508e-04  3.305029e-03 -1.953484e-03 -4.167730e-03 -7.833378e-05  1.706049e-03  4.265760e-04
-5.793266e-05  2.229447e-03  1.900491e-04  1.770185e-03 
  MODE      42
-1.274503e-03 -6.566937e-04  1.964224e-04  2.307643e-03 -2.411094e-03  6.035227e-04 -7.031672e-05  8.575706e-04  9.956536e-04 -4.153620e-03
 9.291007e-04 -3.027287e-02  3.744839e-03  9.854884e-05 -7.870091e-03  2.935425e-04  2.346845e-03  8.583479e-04 -2.784759e-04 -8.399173e-04
-7.737427e-03  1.342440e-04 -2.643834e-03 -2.905132e-03 -1.609559e-02  4.764429e-03  1.218096e-03 -9.036473e-02 -4.930190e-04 -2.788342e-02
 2.485351e-02 -1.341178e-01 -6.134379e-03  2.636456e-02 -7.532854e-03  3.039205e-01 -1.773641e-02  1.639510e-01 -1.896691e-01  7.277504e-03
 1.240489e-02  9.048791e-01  5.901375e-04  4.133768e-04  2.514487e-04  3.024330e-03  5.353306e-04  1.330675e-03 -2.450609e-04  1.202167e-06
-1.616230e-03 -1.596666e-05 -7.022744e-04 -1.235189e-06 
  MODE      43
-2.651254e-03 -2.455455e-05 -2.131580e-03 -2.623366e-03  2.677601e-03  7.917074e-03 -1.044758e-03 -2.038202e-03  4.995489e-03 -7.634310e-03
 1.073093e-03 -3.620954e-04  3.541397e-03 -3.140514e-02 -4.452921e-03  1.248479e-02 -2.429149e-03 -3.559196e-02 -4.219316e-02  3.307769e-03
-3.796700e-06  5.581070e-02 -5.209137e-03  3.203695e-02 -5.494228e-04  2.381109e-02  1.042466e-01 -1.452088e-03  2.674667e-02 -1.640193e-03
-1.588603e-03 -9.804767e-06 -1.237408e-01 -4.428004e-03  8.431103e-02  4.228746e-03 -1.055520e-01 -1.762578e-02 -1.408767e-02 -3.105110e-01
 6.380047e-02 -7.821000e-04 -9.145568e-01  6.112515e-04  3.057877e-03 -1.757019e-03 -4.723518e-03 -3.098773e-04  9.026450e-04 -1.828785e-03
-3.111193e-05 -3.523919e-03  8.494559e-05  9.321296e-03 
  MODE      44
 2.172985e-04  1.827362e-03  9.682053e-04 -1.635910e-03 -1.407253e-03  2.163857e-03 -3.232405e-04 -1.229526e-03 -2.060066e-03 -1.734997e-03
 7.724551e-05  2.085236e-04 -6.942563e-04  1.197177e-03 -8.651030e-04 -3.796259e-04 -1.208836e-03 -2.145725e-03  1.044372e-03  3.370009e-04
 4.266949e-04 -1.174822e-04 -4.715770e-03 -1.447638e-03 -1.868059e-03 -3.034229e-03 -1.872085e-03  9.208617e-04 -7.605097e-04  9.562254e-03
 3.558180e-03 -7.898741e-04  3.813934e-04  1.368520e-02 -9.570361e-04  7.045851e-03 -2.131434e-03 -5.416748e-03  3.865487e-03  3.137083e-03
 6.130260e-04  1.392266e-03  4.037442e-04 -8.450103e-01 -1.322097e-01 -1.300282e-01 -3.865696e-01 -2.568085e-01  1.822182e-01 -8.262416e-03
-9.898489e-03 -9.609461e-03  1.590048e-02 -2.068308e-02 
  MODE      45
-4.655379e-04 -9.592632e-04 -2.338461e-04  1.604686e-03  1.097270e-03 -5.813123e-04 -3.651207e-04  2.418805e-03  1.262709e-03 -7.372475e-04
-1.192542e-03 -2.474361e-04  7.238318e-04 -3.291479e-03 -9.537458e-04  1.287874e-03  2.232062e-04  6.379579e-03 -2.871403e-03 -5.428580e-04
-9.898102e-05  3.438916e-04 -6.002618e-04 -1.283077e-03  3.092660e-04  5.708612e-04  5.630395e-03 -3.659628e-04  1.029101e-03 -3.438398e-03
-1.122664e-03 -4.785832e-04 -4.191144e-03  2.931369e-04 -1.176202e-02 -1.498398e-03  3.790173e-03  8.478869e-04  9.514765e-04 -8.252263e-03
 3.232243e-03 -3.686420e-04 -1.665489e-03 -1.345895e-01 -8.262190e-01  3.853974e-01  1.652273e-01  2.492736e-01 -2.415387e-01  1.128885e-02
 1.190988e-02  1.114292e-02 -2.199403e-02  1.402442e-02 
  MODE      46
-1.746124e-03 -1.023296e-03 -7.324755e-04  2.344890e-03 -9.714702e-04 -2.626873e-04  7.306113e-04  1.255777e-04  4.044908e-04 -5.994227e-05
 1.232354e-03  7.368923e-05  6.305124e-04  2.680500e-03 -9.499888e-05  1.516853e-03  4.200352e-04 -4.185682e-03  2.003488e-03 -7.022141e-04
-2.223826e-04 -3.645361e-04  9.347074e-04 -2.890241e-03  2.742163e-04  2.081536e-03 -3.537251e-03  2.206156e-04 -1.338002e-03  2.722506e-03
 1.399929e-03  1.401456e-03  5.452691e-04 -2.806950e-03 -2.083703e-03  1.622306e-03 -4.409128e-03  3.183723e-04  1.254678e-03  6.332151e-03
 1.431016e-03  4.220829e-04  8.065710e-04  4.472224e-01 -2.670564e-01  1.469325e-01 -7.582415e-01 -1.421899e-02  3.593768e-01 -1.640835e-02
-9.347052e-03 -1.917349e-02  2.334006e-02 -4.128701e-02 
  MODE      47
 4.424521e-04 -1.577950e-03 -2.101578e-03  2.503212e-04 -2.741927e-04  1.305335e-03  4.956449e-04 -2.041171e-04 -1.022906e-03 -6.166049e-04
 1.146642e-03  2.537528e-04  1.365015e-03  1.347007e-03  6.003051e-04  4.681374e-04  4.766773e-04 -1.545191e-03  6.938339e-04 -3.534586e-04
-5.767031e-04  4.054840e-04  8.895225e-05 -1.993115e-03 -8.619955e-04  3.348747e-03 -1.403103e-03  5.005173e-04 -2.633179e-04  5.843449e-03
 1.706851e-03  7.518945e-04 -2.962539e-03 -9.658321e-04 -2.390408e-03  3.002268e-03 -7.269715e-04 -3.510470e-03 -3.248386e-03  1.978365e-04
-1.992625e-03  4.781758e-04 -7.454057e-04  2.374634e-01 -4.640754e-01 -7.003859e-01  1.774598e-01 -4.513505e-01 -3.977628e-03 -3.718734e-03
-2.151953e-02 -9.060378e-03  3.965984e-02 -2.129376e-02 
  MODE      48
 1.049958e-03  2.417902e-03  1.631580e-03 -1.615118e-03 -3.300083e-04  1.275318e-03 -2.323368e-04 -5.343352e-04  5.939625e-04 -1.021574e-03
-4.692736e-04  3.365433e-05  3.611245e-04 -5.368347e-04 -7.185290e-04 -6.456273e-04 -2.549560e-04  6.845338e-04 -3.478835e-04  3.613454e-04
 1.648468e-05  1.290638e-04  4.631723e-04  8.287974e-04 -5.763441e-04 -3.463743e-03  4.078633e-04  6.694637e-04  2.184372e-04  3.031556e-03
 2.016182e-03  3.063221e-04 -6.264012e-04  2.340303e-03 -1.456905e-04  2.783564e-03 -4.490015e-04 -1.666408e-03  2.130369e-03 -6.064912e-04
 7.162984e-04  7.100316e-04 -7.547136e-05  8.254637e-02  4.423387e-02  5.565071e-01  1.281090e-01 -8.136963e-01 -6.204299e-02  2.843551e-03
-4.347478e-03  3.295083e-03  1.906673e-03  7.072900e-03 
  MODE      49
 4.389287e-03  2.831266e-03  2.080094e-03 -4.861120e-03 -9.176721e-04  8.326482e-04  6.013635e-04 -1.259831e-03  3.892407e-04 -6.410255e-04
-1.583595e-04 -3.103632e-05 -1.322236e-04  3.101264e-04 -8.534946e-04 -3.263639e-04 -5.163853e-04 -1.262245e-03 -1.474655e-04  1.719568e-04
 1.950683e-04  1.723637e-04  7.780233e-04  2.000288e-03  2.751592e-04 -2.672944e-03 -1.171442e-03  1.073509e-05  7.158221e-04 -6.449544e-04
-4.434394e-05 -1.626800e-05 -2.656707e-03  2.579280e-04  1.606902e-03 -4.470269e-04 -1.988808e-03  1.098959e-03  8.627264e-04 -4.428752e-04
-5.270267e-04  2.891236e-05 -6.458723e-04 -3.877585e-02 -8.865775e-02  1.111567e-01  4.468683e-01  7.014920e-02  8.804373e-01 -6.443452e-03
 3.497142e-03 -3.441480e-03 -6.425876e-03 -8.021262e-03 
  MODE      50
 2.233597e-05  4.249206e-04  2.701939e-04 -4.611394e-04 -1.184385e-04  2.152430e-04 -2.139218e-04 -4.758105e-05  9.338968e-05 -1.664193e-04
 9.727783e-05 -4.012940e-06 -5.228914e-05 -1.578781e-03 -2.534292e-04 -3.012351e-04 -9.867034e-06 -8.868682e-04  3.781492e-03 -2.409534e-06
-5.771502e-06  1.492903e-03  2.861622e-06  4.319988e-04  7.617224e-06  4.893099e-05  1.628293e-03 -1.068339e-05 -3.096203e-04 -6.014108e-05
 1.133073e-05  2.370779e-06 -2.585596e-04  5.807594e-05  4.830026e-04 -6.693522e-05 -3.937284e-04  2.496354e-04  1.851097e-04 -5.621336e-05
-4.572163e-04  1.486240e-05  3.499128e-03 -2.665526e-03 -1.831529e-03  7.583112e-03  1.580138e-02  4.814739e-03 -1.696128e-02 -9.649223e-01
 2.880824e-04 -2.512529e-01 -4.585410e-04  7.194449e-02 
  MODE      51
-3.496832e-04 -3.044769e-04 -3.365404e-04  4.299210e-04 -3.461584e-06  6.640810e-05 -3.923092e-05  1.347009e-04  5.427948e-04  2.247623e-05
 1.072700e-04  1.117439e-03  5.329077e-04  5.411914e-05 -5.404712e-05  1.690926e-04  1.290806e-04 -2.388686e-05  1.422517e-05  2.678762e-05
-1.716975e-04 -6.855298e-06 -5.580902e-05 -5.161294e-05 -7.640651e-04  3.917050e-04  1.523502e-06 -1.762915e-04 -1.280743e-05  3.601859e-05
 8.158239e-04 -1.521884e-04 -7.350121e-05 -2.262693e-04 -1.333459e-04 -3.180162e-06 -2.788146e-04  1.747293e-04 -5.310612e-04  1.870171e-04
 2.163663e-04  1.855057e-03  2.393013e-05  2.325404e-03 -2.897190e-03 -1.518264e-02 -8.433610e-03 -1.699192e-02  3.918408e-03 -1.326905e-04
 9.971363e-01 -1.913371e-04  7.148287e-02 -4.206846e-04 
  MODE      52
-9.974469e-06 -5.694464e-04 -4.175976e-04  5.989126e-04  2.514280e-04 -2.751248e-05  4.863757e-04 -3.771147e-04 -2.230025e-05  7.449723e-05
 8.193231e-04  9.191601e-06 -8.709310e-05 -4.634722e-04  2.513104e-04  8.894456e-04  2.487457e-04 -3.405065e-05 -7.504219e-04 -5.120409e-04
 1.396261e-05  5.598659e-04 -5.321182e-05 -2.081542e-04 -2.689659e-05  2.158887e-04  1.510137e-04 -2.507164e-06  1.010466e-03  7.775765e-05
-1.469759e-05  6.982457e-06 -1.636156e-03 -9.143216e-05  3.297524e-04  1.111755e-04  1.548023e-03 -3.867665e-04 -3.080365e-04  3.318702e-04
 1.309589e-03 -1.119099e-05 -1.796780e-03  2.986523e-03 -2.034593e-03 -8.486048e-03 -1.302397e-02 -5.406714e-03  9.741133e-03 -2.529934e-01
-2.674247e-04  9.671517e-01  4.494289e-04 -9.715467e-03 
  MODE      53
 1.575084e-03  1.130096e-03  1.510799e-03 -1.804028e-03 -2.787400e-04 -4.778692e-05  3.810558e-05 -6.520764e-04 -1.142457e-03  9.941106e-04
-4.614872e-04 -6.105388e-04 -2.602636e-03 -1.808835e-04 -3.565285e-04 -6.161283e-04 -2.704306e-03  3.348953e-05 -8.446785e-06  3.575443e-04
 1.172793e-03  1.437249e-05 -1.155133e-04  7.663493e-05 -1.156801e-03 -1.702592e-03 -2.457690e-05  2.756251e-04  5.562222e-05 -1.202498e-03
-1.975425e-03  2.616091e-03  4.445524e-04  1.042743e-03  6.816921e-04 -2.444352e-03  1.453300e-03 -1.043294e-03  1.240537e-03 -8.050247e-04
-1.157797e-03  1.471194e-03 -9.207244e-05 -1.006112e-02  8.160457e-03  3.627674e-02  2.375688e-02  3.110742e-02 -1.119634e-02  3.679747e-04
-7.000597e-02  5.805055e-04  9.959530e-01 -3.041699e-04 
  MODE      54
 2.351465e-04 -1.853275e-03 -1.458343e-03  1.952093e-03  8.496590e-04 -1.197850e-04  1.319363e-03  5.856965e-04 -8.536620e-05  3.492741e-04
 1.056291e-03 -8.929171e-07  1.178626e-04  3.386150e-04  5.077734e-04  2.477139e-03  4.501016e-04 -5.252614e-04 -1.833681e-03 -1.809815e-03
-2.272437e-04 -8.331595e-04 -1.259297e-04 -2.269925e-03 -8.015744e-05  5.828279e-04 -3.071570e-03  3.387954e-06 -4.185425e-04  1.812080e-04
-5.973341e-05  8.671730e-06  4.072189e-04 -3.787912e-04 -5.782882e-04  4.072898e-04  2.253787e-03 -1.574563e-03 -1.219078e-03  4.609156e-03
 5.966436e-04 -8.176447e-05  5.956777e-03  7.369115e-03 -1.309885e-02 -2.091374e-02 -3.683584e-02 -1.327324e-02  3.070644e-02  6.600104e-02
-7.963168e-04  2.621209e-02  2.789879e-03  9.959244e-01 
--------------------------------------------------------------------------------------------------------------------------------------------
  END_DUSH_DATA_1
  BEGIN_DUSH_ORTH_TEST EPS =     ###########
  END_DUSH_ORTH_TEST
END_DUSH_1
BEGIN_DUSH_2     Delta DUSH =   ########
  BEGIN_DUSH_INFORMATION2
  Qe = S(e,g) Qg + De
  END_DUSH_INFORMATION2
  BEGIN_DUSH_DATA_2
--------------------------------------------------------------------------------------------------------------------------------------------
  MODE       1
-9.063234e-01 -1.616543e-02  3.111474e-02  2.284142e-01  3.066790e-02  2.818312e-01  9.146594e-02 -4.394172e-02 -1.665292e-01  1.162461e-02
-9.254261e-02 -5.070268e-02 -8.960028e-03  2.719237e-02 -7.639338e-03  2.871793e-03  5.257029e-03  4.138591e-02  8.046492e-04 -6.388014e-04
-3.047106e-03 -1.675243e-02  8.247704e-02  4.360786e-02 -9.299723e-02  4.686736e-02 -9.483560e-03  1.110687e-01  3.077088e-02  1.359630e-01
-1.429005e-01  1.989992e-01 -7.747089e-02 -3.462882e-02  7.393709e-02 -2.628909e-02 -4.722769e-02 -9.313717e-03  7.625704e-02 -4.311867e-02
-5.722364e-03  9.796522e-02 -6.038749e-03  1.100123e-02 -3.587755e-02  1.901645e-02  7.864504e-03  1.219162e-03  9.465410e-02  1.766970e-03
 5.487174e-04 -1.373775e-03 -1.977290e-03  4.972935e-04 
  MODE       2
 2.903083e-02 -1.882945e-01 -8.706348e-01 -1.347399e-01 -1.964110e-01  1.757768e-01  3.059120e-01 -1.806687e-02  5.809166e-02  5.904725e-02
-1.367073e-01 -3.596394e-03 -1.334331e-02  2.973458e-02  1.181501e-02 -2.347248e-03  9.976965e-03  8.039121e-03  2.215781e-03 -6.184229e-03
-2.970252e-03  1.869640e-02 -3.645128e-03  5.875449e-03 -2.308379e-03  6.376972e-02  2.892978e-03 -2.711156e-02  1.372922e-02 -2.851063e-02
 5.376438e-02 -9.558713e-02  4.819509e-02  1.718143e-02 -5.554587e-02  7.842775e-04  3.654478e-02  8.159539e-03 -2.169979e-02 -7.759758e-03
 5.655758e-03 -5.407954e-02 -3.762543e-03  4.941845e-03 -4.514743e-03 -2.354313e-03  1.465849e-02  1.643971e-02 -1.182047e-02  1.397646e-03
 5.788033e-04 -8.385755e-04 -4.464745e-03 -3.069362e-03 
  MODE       3
 3.522262e-02  8.012928e-01  8.020021e-02 -1.963087e-01 -4.765099e-01  2.374078e-01  1.651434e-01 -1.534142e-02 -9.353397e-02  1.650422e-01
-4.706063e-02 -9.075024e-03  8.136863e-03  1.324015e-02  9.961984e-02 -1.720581e-03 -6.422861e-02  2.609619e-02  2.559304e-03  5.408358e-03
 1.519336e-04  7.818097e-03 -6.153969e-02  1.921195e-02  2.360014e-02  9.389831e-02 -1.371801e-02 -6.007259e-02  8.585347e-03  6.740883e-02
-4.247174e-02  1.040161e-01  1.615831e-01 -1.250536e-02  4.951883e-02  4.395474e-03 -2.662100e-02  1.462400e-02  7.948425e-03 -5.183241e-03
 5.925489e-02  2.580096e-02  2.348453e-02 -1.787171e-02 -3.269205e-03 -3.390047e-03  3.209670e-02 -5.950012e-02 -4.688101e-02 -2.766158e-03
-1.147427e-03  1.445733e-03  4.948852e-03  2.850898e-03 
  MODE       4
-3.835169e-01  3.861485e-02 -7.649515e-02 -7.340281e-01 -6.761340e-02 -4.979014e-01 -2.306851e-01  7.697678e-03 -4.652359e-02 -3.133302e-03
 1.116868e-01 -4.013612e-03  1.826717e-02 -3.148616e-02  1.729385e-02 -7.981014e-03 -9.050405e-03  2.212136e-02  6.944049e-03 -6.783558e-03
-6.933954e-04 -2.041116e-02  4.139569e-02  2.154376e-02  8.228441e-02 -4.152096e-02 -1.823334e-04  4.416042e-02 -9.228745e-03  8.204641e-02
-6.160426e-02  7.738023e-02 -5.202763e-02 -1.536300e-02  1.662670e-02  2.534644e-03 -4.670838e-02 -1.493596e-02  4.957931e-03 -6.479658e-03
-1.317847e-03  3.459643e-02 -6.309358e-03 -1.818907e-02 -1.154394e-03 -2.232191e-02 -2.357837e-02 -1.122748e-02  4.352475e-02  6.103488e-04
 9.513602e-04 -5.847529e-04 -5.339709e-03  8.617369e-04 
  MODE       5
 9.608073e-02 -3.645217e-01  3.526030e-01 -5.532144e-01 -1.331658e-01  6.867782e-01 -3.582366e-02 -6.389821e-02  8.397325e-02  6.323967e-02
 1.054203e-01  4.450902e-03  4.432681e-02 -7.488168e-02  9.606264e-02 -8.433519e-03 -5.327509e-02  1.372655e-02  8.732464e-03 -2.680880e-03
 5.269358e-03 -7.205649e-03  6.090787e-03  3.614024e-03  2.631756e-03  1.761847e-01 -1.469051e-03  4.824722e-02  2.115321e-02 -5.250397e-02
 4.436131e-02 -6.796409e-02 -2.660793e-02  1.140438e-02 -2.750544e-02 -1.215891e-02  3.301727e-02  3.783767e-02 -2.642134e-02 -1.212480e-02
-7.776166e-03 -3.908540e-02  3.269720e-03  1.648375e-03 -4.593272e-02 -6.382365e-03  7.187667e-02  1.790283e-02  1.361798e-02 -3.095081e-04
-5.817400e-04  5.447253e-04 -3.167176e-03  1.780533e-03 
  MODE       6
-2.303148e-02 -3.024049e-01  2.295433e-01  1.378583e-01 -7.411573e-01 -1.715851e-01  1.962136e-01  1.260437e-02  4.097101e-02 -2.547950e-01
-6.351962e-02 -5.017291e-03  1.199677e-02 -3.076285e-02 -1.023720e-01  6.233178e-04  2.250604e-02  7.945224e-02 -1.266877e-03 -3.311605e-02
 8.214644e-03 -9.869592e-03  1.243632e-01  3.740921e-02 -4.370662e-02 -8.055347e-02 -9.539505e-03  4.284108e-02  1.832302e-02 -3.733542e-02
 5.880667e-02 -5.670357e-02 -2.990607e-02  1.395880e-02 -2.842415e-02  4.546439e-03  1.678339e-02 -2.671654e-03 -2.908102e-03  4.534249e-03
-8.256318e-03 -3.466208e-02 -3.280117e-03  1.519324e-02  7.624542e-03  1.141625e-03 -2.301051e-02  4.294170e-02  2.073214e-02 -4.258383e-05
-1.016846e-03 -1.245992e-03  5.672797e-03 -3.224814e-03 
  MODE       7
-3.649327e-02  6.501457e-02 -1.115752e-01  1.003427e-01 -9.937285e-02  1.310957e-01 -4.170810e-01  8.865626e-01  3.019292e-02  3.542925e-02
 6.610463e-05  2.956786e-03  2.178442e-02 -6.657513e-03  2.333506e-02 -8.056173e-02 -1.039507e-02  5.877196e-03 -3.391961e-03 -3.697451e-03
 6.893375e-04 -1.139251e-02  2.289473e-02  9.703908e-03  6.521824e-02 -7.677087e-02  1.574528e-03  1.077243e-02 -6.481924e-03 -4.275142e-03
-1.292064e-03  7.439147e-03 -1.640477e-02  1.820025e-03 -4.264933e-03  6.596958e-03 -2.876707e-02 -2.041526e-02 -4.888055e-03 -1.222818e-03
-6.460465e-03  7.830538e-03 -4.438801e-03 -2.112190e-02  1.565520e-02 -4.138965e-02 -3.023368e-02  7.774075e-03  9.870844e-03 -2.839179e-03
-1.202954e-04  3.032020e-03  1.581970e-03  2.766389e-03 
  MODE       8
-2.773407e-02 -1.232196e-01  2.072230e-01 -1.986862e-01  1.833676e-01 -1.191091e-01  8.022867e-01  4.775416e-01  2.256787e-02 -8.555762e-02
 8.180790e-02  6.520773e-03 -3.772784e-02 -3.495276e-03 -4.144770e-02 -1.237534e-03  1.754293e-02 -5.348161e-03 -1.690217e-02  1.854037e-02
 2.599389e-04  5.321894e-03 -2.484539e-02 -1.467394e-02 -9.973013e-02  1.442918e-01  8.567073e-03  4.033118e-03  3.247308e-03  3.343060e-02
-1.050719e-02  1.359994e-02  1.781642e-02 -1.175707e-02  2.308347e-02 -1.166099e-02  4.107206e-02  3.382485e-02  1.607838e-02 -1.275492e-03
 1.380081e-04  3.166185e-03  5.694526e-03  3.586214e-02 -3.091665e-02  7.690538e-02  5.397663e-02 -1.739204e-02 -5.374963e-03 -4.851760e-04
 1.300788e-03  1.651587e-03 -3.681301e-03  9.759582e-03 
  MODE       9
-1.503025e-03 -7.571664e-02  6.177613e-02 -3.275849e-02 -2.182027e-02 -8.224036e-03  1.756755e-02  5.022515e-02 -8.838582e-01  3.828818e-01
 1.250628e-01  3.842360e-03 -5.230916e-02 -3.691906e-02  1.012745e-01  1.082255e-02 -4.346073e-02  1.136059e-02 -4.930884e-03 -4.712299e-04
-1.793803e-02 -2.106926e-03 -1.097472e-02 -1.636532e-02 -2.476314e-02  6.446841e-02  1.430157e-02  1.770759e-02  1.136715e-02 -1.529040e-02
 5.608176e-02 -3.985007e-02  9.664917e-03  6.184568e-03 -6.415846e-03 -6.762160e-03  1.045590e-02  2.275291e-02 -1.956052e-02 -5.969860e-03
 4.508269e-03 -1.489855e-02  7.616422e-03  2.535916e-03 -1.751535e-02 -2.752162e-03  3.097922e-02  2.095855e-03 -2.529750e-05  1.904899e-04
-2.545511e-04  5.772349e-04  2.074552e-04  1.369679e-03 
  MODE      10
 1.374510e-04  1.008733e-01 -7.282311e-02 -2.003409e-02  9.904816e-02  5.403333e-03 -6.831917e-02  2.075917e-02 -3.771825e-01 -7.897633e-01
-2.411567e-01  2.276921e-03  2.469813e-01  3.114515e-02 -3.256231e-02  4.921867e-03 -1.883446e-02 -4.160510e-02 -2.357655e-03  1.146062e-02
 4.996631e-02  7.035080e-03 -8.276945e-02 -2.055844e-02  1.196260e-02  6.432070e-02  4.854838e-03 -3.280185e-02 -1.189655e-02 -1.142994e-03
 1.620940e-02 -4.455715e-03  6.957950e-03 -1.451291e-03  4.762926e-03 -1.207658e-03 -3.618998e-04 -1.055119e-04 -5.037608e-03 -5.782935e-03
-3.823699e-03 -1.567146e-03 -1.084060e-02 -4.485558e-03 -7.820797e-03 -1.057491e-03  1.584663e-02 -1.541955e-02 -8.579776e-03 -1.282503e-03
 2.007813e-03 -2.285006e-04 -4.735836e-04 -1.510683e-04 
  MODE      11
 2.905198e-02 -1.493372e-02  6.880035e-02 -1.307721e-01  6.936239e-02 -9.832003e-02 -5.298875e-02  4.432141e-02  1.241360e-02  2.144649e-01
-9.539458e-01  4.153285e-03 -4.109459e-02  4.531171e-02 -6.240818e-02  3.069209e-03  2.427210e-02 -5.800793e-02 -3.180154e-03  1.362911e-02
-8.237984e-04  9.252208e-04 -4.405194e-02 -2.253261e-02 -1.580880e-01  7.148192e-02  7.252474e-03 -2.508934e-02 -8.655533e-04  2.477246e-02
-2.617941e-03  3.748881e-03  2.255276e-02 -4.155846e-03  5.830598e-03 -1.410772e-02  1.569536e-02  2.362059e-02  5.427457e-03 -7.940236e-03
-6.314080e-03 -2.273229e-03 -2.348438e-03  2.848935e-02 -1.771114e-02  5.968923e-02  4.088252e-02 -1.246069e-02 -7.240933e-03 -8.845602e-04
 8.246152e-04  2.040484e-03 -2.554463e-03 -9.772541e-04 
  MODE      12
-7.517016e-03  1.010063e-02 -1.642573e-02  2.022712e-02 -9.094123e-03  1.937752e-03  4.963540e-03 -4.576722e-03 -1.558378e-02 -1.527050e-02
-7.187397e-03  9.997941e-01 -5.021385e-02  1.066789e-02 -4.509722e-02  2.684741e-03  3.257202e-02  1.640549e-03  2.765358e-03 -1.500752e-03
 3.988460e-03  2.502206e-04  4.014892e-03 -1.051300e-02 -2.960291e-03 -1.916153e-02 -2.652679e-02 -2.546966e-03 -1.729797e-03 -5.406575e-03
-1.686931e-02  7.071496e-03 -1.826548e-03  1.822474e-03 -1.370123e-02  1.213056e-03  3.935057e-03 -3.784205e-03 -5.111917e-03  1.017484e-03
-8.682475e-04 -2.447384e-02 -1.016840e-03  9.332424e-04  3.159467e-03  8.113767e-04 -5.588485e-03  3.242837e-04 -3.975808e-07  8.980622e-05
 1.052806e-03 -9.347188e-05  7.994031e-04 -3.027086e-04 
  MODE      13
 2.471684e-03 -1.476022e-02  9.570115e-03 -1.420434e-02 -1.911039e-03  2.081529e-02  3.525815e-02 -3.541649e-03  2.420444e-02  2.474046e-01
 5.320769e-02  4.305157e-02  9.636539e-01  2.647862e-02 -3.166506e-02 -4.212294e-04 -6.932403e-02 -5.955359e-03  4.571721e-04  9.887376e-04
 2.380597e-02 -3.596246e-03  9.772240e-03 -1.241715e-02  1.126674e-03  5.114511e-03  7.621434e-03  1.302829e-02  3.425759e-03  7.100994e-03
-9.827424e-03 -1.194646e-03  1.562083e-03 -3.088823e-03 -1.659876e-03 -1.878771e-03 -3.833241e-04 -2.645260e-03 -1.893766e-03  3.747718e-03
 4.288570e-03  3.871179e-03  5.605279e-03 -2.716202e-04 -2.837505e-04  1.944789e-04  2.050297e-03  2.040848e-03  1.191134e-03 -8.770420e-04
 2.043085e-03  4.440277e-04 -5.484312e-03  1.654410e-03 
  MODE      14
 7.890942e-03  2.781371e-02 -7.511526e-03 -2.408216e-02  3.674010e-02 -1.829753e-02 -3.833818e-02  2.809317e-03  2.238067e-03 -3.441250e-02
 1.426395e-02  8.376791e-04 -2.454820e-02  9.840812e-01  1.838844e-01 -4.242267e-02 -4.754789e-03 -4.931143e-02  1.593257e-03  4.604844e-02
 1.074901e-02  8.975482e-03 -1.267172e-02 -6.547394e-03 -4.586265e-02 -2.415500e-02  1.925037e-03 -5.230976e-02 -5.582438e-02  6.351324e-03
-7.762004e-04  9.319035e-04 -3.743471e-02 -1.183816e-03  1.499892e-03  1.578925e-03  4.330998e-03  5.153668e-03  1.751809e-03 -8.783762e-03
-3.647934e-02 -6.642338e-04 -3.851948e-02  4.818370e-03  8.554705e-04  1.023094e-02  5.044725e-03 -2.181212e-03 -5.792557e-04 -2.247284e-03
 1.483057e-04 -2.240690e-03 -4.386234e-04  6.174883e-04 
  MODE      15
 8.471029e-04  2.046653e-02 -4.746563e-03 -6.257475e-03 -1.601123e-02  5.931834e-03 -7.815043e-03  1.242663e-03 -2.738075e-02  7.244370e-02
 4.945023e-02 -3.205676e-02 -4.595119e-02  2.025841e-01 -9.570676e-01  2.929968e-04  1.657432e-01 -8.365978e-03 -2.990481e-04  9.526793e-03
-2.610767e-02  5.462087e-03 -2.517036e-02 -6.143898e-03  5.751027e-03  3.056173e-02 -1.616991e-03 -1.974565e-02 -7.561144e-03 -1.643573e-03
-9.047047e-04 -1.287296e-02 -3.246001e-03 -3.797871e-03 -9.290440e-03  9.938337e-04  5.413092e-03 -6.251769e-03 -7.138002e-03 -3.936902e-03
-4.622451e-03 -6.726709e-03 -4.603290e-03 -1.487022e-03 -1.831141e-03  1.575438e-04  2.904074e-03 -3.075668e-03 -1.594165e-03  2.067241e-04
-1.288192e-03  1.008556e-04  1.778729e-03 -4.181927e-04 
  MODE      16
 1.299817e-02 -4.082255e-03  6.024437e-03 -1.802333e-03  4.301682e-03 -1.746477e-03  2.449980e-02 -7.683725e-02 -7.131840e-03  8.048404e-04
-7.948144e-03 -1.096635e-03 -8.499330e-04 -4.222968e-02 -9.921298e-03 -9.921420e-01  1.014909e-03 -1.677888e-02 -2.114077e-02 -1.399794e-02
-1.491375e-03 -1.712189e-02 -1.660181e-02 -1.096897e-02 -3.920063e-02  2.267013e-03  1.082798e-03 -9.349856e-03 -1.707045e-02 -1.760873e-03
-2.540064e-04 -5.035901e-03  1.731415e-02 -9.638110e-04 -7.865409e-03 -8.655959e-03 -1.995194e-03 -9.349340e-05 -1.666807e-03  5.638721e-03
 1.448508e-02 -3.241607e-03  1.655756e-02  7.567399e-04  9.480534e-04  3.912325e-03  2.411868e-03 -1.267257e-03 -3.171630e-03  4.075259e-05
 2.851504e-04  8.289498e-04 -3.272838e-04  1.485262e-03 
  MODE      17
 1.113013e-03  4.983484e-03  8.393969e-03 -7.599272e-03 -2.095874e-02  1.051571e-02  5.542590e-03 -6.900591e-04 -5.182121e-03  1.366677e-02
 3.266833e-03 -8.174622e-03  6.724411e-02 -2.148012e-02  1.668180e-01  3.459630e-04  9.795251e-01 -1.813387e-02 -1.511602e-04  1.009462e-02
 2.374798e-02 -1.078574e-03 -1.986652e-02 -2.939873e-02  9.062283e-03  2.212169e-02  6.946773e-03 -6.448232e-03 -4.880945e-03  3.713297e-03
-3.115912e-03 -9.481775e-03 -4.282109e-03 -8.694516e-03 -3.161937e-03 -1.956851e-03  1.157606e-03 -3.446432e-03 -6.910567e-03 -3.404188e-03
-2.425668e-03 -8.243745e-04 -1.607851e-03 -1.332541e-03 -5.393637e-04  4.036293e-04  1.802911e-03 -1.025500e-03 -4.191462e-04 -2.562225e-04
 4.801345e-04  1.031953e-04 -1.671972e-03  1.559252e-04 
  MODE      18
 6.233453e-03 -1.884658e-02  1.169491e-02 -1.152197e-02 -1.180111e-02 -8.356838e-03  6.045156e-03 -8.887706e-04  2.239999e-03  2.069047e-02
-1.159537e-02  3.448430e-04  1.551185e-02  2.078511e-02  2.258384e-02 -1.376469e-02  1.233282e-03  9.773437e-01 -1.397477e-02  3.454724e-02
-3.790581e-02 -3.205780e-02 -3.088703e-02 -1.471118e-02 -1.256834e-01  1.427908e-01  3.769912e-03 -1.519237e-02 -3.805704e-02  1.522697e-02
-2.805271e-03  6.816828e-03  1.145701e-02  2.450960e-03 -8.050291e-03 -6.463653e-03 -2.389714e-02 -2.029507e-02 -3.898127e-03  4.575341e-03
-2.420848e-02  1.565863e-03 -4.130879e-02 -1.264331e-03 -1.354823e-03 -2.004545e-03  8.241360e-04  3.636086e-04 -3.642496e-04 -1.837923e-03
 1.113621e-05 -1.401325e-03 -2.163514e-05 -2.114199e-03 
  MODE      19
 9.972888e-04 -9.848526e-03  5.744089e-03  3.738025e-03 -7.325400e-03  2.219981e-03  4.297154e-03 -4.252541e-03 -9.092506e-05  5.564874e-03
 6.498793e-03 -2.178604e-05 -3.948578e-04 -6.068533e-02 -8.798308e-03 -8.908810e-03 -1.040710e-02 -1.876321e-02 -4.353869e-02  9.740398e-01
 1.351824e-01  9.359832e-02  1.006283e-03  3.663878e-04  4.253529e-03 -7.810266e-02  1.230420e-05 -7.193900e-02 -7.179948e-02 -1.670398e-05
-2.126216e-04 -5.964635e-04 -1.335063e-03 -1.937665e-03  5.262355e-03 -4.086232e-03  1.364609e-02  6.906977e-04  3.909562e-03  1.015700e-03
-1.436843e-02 -5.972436e-04 -4.585684e-02  1.304925e-03 -1.102320e-03  2.477188e-03  8.151147e-04 -3.705558e-04 -1.081270e-03  2.638966e-03
 3.678595e-05 -1.521245e-03 -3.375455e-05 -1.974856e-03 
  MODE      20
-2.747361e-03  1.595337e-03 -1.648146e-03  1.098732e-03 -5.481380e-04 -5.909619e-04 -8.001228e-03  4.111172e-03  1.962542e-03 -6.451047e-04
 1.423045e-03  1.494020e-03  1.632802e-04  7.586643e-03  1.335212e-03  1.691993e-02  7.121076e-04 -5.523166e-03 -9.901282e-01 -4.112629e-02
-5.234005e-03  3.169673e-02  1.408989e-02  1.104972e-02  4.019668e-02  3.119773e-04 -3.533911e-03  1.629294e-02  2.523630e-02 -2.627159e-03
 6.748923e-04  1.656000e-03 -9.165230e-03  1.996299e-03  1.647767e-03  5.470917e-03  1.514790e-03  1.866073e-03 -1.909713e-03 -4.507932e-03
-3.616386e-03  8.359971e-04  3.950390e-03 -3.081141e-05 -3.612229e-04 -1.511770e-03 -9.486054e-04  5.943798e-04  7.578389e-04 -1.951052e-04
 1.224787e-04  1.275657e-05  2.629741e-04 -1.217032e-03 
  MODE      21
-2.032953e-04  3.966167e-04  1.675089e-03  1.883537e-03 -2.647452e-03 -3.771254e-03 -2.508452e-03  5.227877e-04 -8.240253e-04 -4.108121e-02
-1.209416e-02 -2.548487e-03  3.568200e-02 -5.250060e-03  3.510464e-02 -1.397310e-04  2.900035e-02 -4.083897e-02  2.703972e-04  1.358890e-01
-9.857572e-01  4.165585e-03  1.791284e-02  1.943894e-02 -7.825063e-03 -1.344575e-02 -1.604527e-02 -5.791248e-04  1.105012e-03 -2.883901e-03
-3.324292e-03  3.457403e-03  1.315658e-03  3.669940e-03 -2.293260e-03  8.497026e-04  1.686693e-03  2.793647e-03  7.128303e-04 -1.558981e-04
-1.080186e-03 -6.414468e-03 -2.468173e-04  3.879520e-04  5.763693e-05 -1.743296e-04 -8.017113e-04  2.665819e-04  1.946226e-04 -1.524254e-04
 3.431770e-05  5.927383e-05  1.022087e-03 -2.759989e-04 
  MODE      22
 3.406841e-03  6.893219e-03 -9.699536e-03  8.131737e-03  5.429317e-04  5.070211e-03  1.197787e-02 -3.689465e-03 -4.485949e-05 -1.271179e-03
 1.225561e-03 -3.424110e-05  1.774640e-03  1.287741e-02  3.161559e-03  2.124353e-02 -5.846420e-03 -3.093057e-02 -3.735323e-02  9.335125e-02
 8.311403e-03 -9.875483e-01  1.455684e-02  7.694363e-03  6.184164e-02  1.480776e-02 -2.283772e-03 -4.195024e-03  7.110615e-02 -9.759483e-03
 3.152641e-03 -4.391864e-03 -6.290322e-04  2.573296e-03 -5.309075e-03  1.714994e-02 -9.752402e-03 -1.488403e-02 -5.349864e-03 -1.265056e-02
-3.265314e-02 -7.950362e-04  6.061690e-02 -1.345110e-03  1.343485e-03 -3.090260e-03 -1.304920e-03  6.540480e-04  3.959964e-04  3.802762e-03
-2.155237e-05  3.369129e-03  9.168636e-05 -3.990040e-04 
  MODE      23
-5.647962e-03  1.468410e-02 -2.266920e-02  9.118763e-03 -1.148521e-02  8.032437e-03  1.544205e-02 -2.858440e-04  1.967062e-02  3.682813e-03
-1.936065e-02 -2.415241e-03 -4.878612e-03  9.456971e-03 -1.767181e-03  5.268547e-03 -1.110805e-02  3.000464e-02 -4.824236e-03 -2.006494e-02
-2.156711e-02 -9.815351e-03 -8.854940e-01 -2.241228e-01  2.365431e-01 -3.443520e-01  4.209340e-03  1.177477e-02 -1.921888e-02 -1.538559e-01
 2.625519e-02 -6.058668e-02 -5.531493e-02 -2.584936e-02 -6.413733e-03 -1.016644e-03  2.059063e-02 -1.093332e-02 -2.326156e-02  9.482676e-03
-2.177084e-02 -4.711572e-03 -8.401339e-03 -1.587745e-03  2.579825e-04  9.803037e-04 -2.989007e-03 -3.555490e-03 -1.086530e-04 -4.484661e-05
 7.321953e-05 -4.133466e-05 -6.243532e-04 -1.154015e-04 
  MODE      24
-6.144960e-03 -1.975111e-03  1.103736e-02  2.963220e-02  1.589597e-02  1.706422e-02  1.406406e-02 -9.655877e-03 -9.164911e-03  2.990220e-03
-4.382110e-02 -2.298393e-04 -3.731312e-03  4.458548e-02  1.061947e-04 -4.687820e-02  5.393369e-03  8.799533e-02  4.773147e-02  4.889943e-02
 3.007044e-03  6.804411e-02  2.081475e-01  1.030667e-01  8.691843e-01  4.106166e-02 -2.858812e-02  3.421685e-01  1.348487e-01 -1.192078e-01
 3.068467e-02 -5.398846e-02 -1.605575e-01  9.382033e-03 -1.333438e-02  6.878162e-03  5.915424e-03  3.587855e-02 -2.630533e-02  3.599684e-02
-2.802687e-02 -1.068306e-02  2.671371e-02 -6.963869e-04 -2.871304e-03 -3.722799e-03  2.073302e-05 -1.229987e-04  1.434230e-03  1.945079e-04
-8.899084e-05 -4.107058e-04  8.569611e-05 -1.819527e-03 
  MODE      25
-5.571335e-03  1.292360e-02 -1.121941e-02  1.133390e-02 -1.910368e-03  1.306155e-02  3.099805e-03 -3.467984e-03  3.959041e-04 -1.161358e-02
-7.661292e-03 -1.087267e-02 -9.323400e-03  4.151380e-03 -1.048625e-02  4.484798e-03 -1.144906e-02  2.397083e-03 -5.173739e-03 -6.927294e-04
-1.248103e-02 -2.678666e-04  2.862804e-01 -9.414181e-01  3.459178e-02 -3.700608e-02 -1.679096e-02 -7.390560e-04 -2.262722e-03 -1.440775e-01
-3.782965e-02 -4.245847e-02 -5.564109e-03 -5.455879e-03 -3.124399e-02  5.917817e-03  1.252248e-03 -1.716924e-02 -5.041329e-03  6.449115e-03
 3.513022e-04 -1.393378e-02 -6.903088e-04 -3.363588e-04  1.718564e-03  4.545813e-04 -3.036637e-03 -6.646560e-04 -3.431032e-04  1.642487e-05
-1.321062e-03 -2.892060e-05 -1.680367e-03 -1.125290e-04 
  MODE      26
-2.050208e-03 -3.552271e-02  3.801712e-02  6.487565e-03 -1.750775e-02  6.641195e-04 -1.625590e-02 -1.460710e-03  2.636127e-02  4.372086e-03
 4.680101e-02  1.694391e-03 -1.124773e-02 -2.867100e-02  1.603633e-02  1.369518e-03 -2.837891e-02 -7.507270e-02 -1.340157e-03  5.880452e-02
-9.604958e-03  2.716643e-02 -2.745184e-01 -1.156401e-01  9.079983e-02  9.082976e-01 -3.058098e-02 -3.249870e-02  5.165807e-02  4.967521e-02
-5.395724e-02  6.201258e-02  1.525637e-01 -1.793327e-02  2.349315e-02  2.260746e-03 -1.240953e-02  3.233728e-02 -1.516091e-02 -2.555201e-02
 5.897784e-02  7.872899e-03  2.273256e-02 -8.134192e-04  1.279726e-03  1.368093e-03  4.875454e-03 -1.181670e-03 -1.151167e-04  1.649024e-04
 2.722610e-05  3.768520e-05 -3.251244e-04  4.762269e-05 
  MODE      27
 1.923690e-03  1.386815e-02 -1.888238e-03 -2.944837e-02  2.330846e-02 -1.963815e-02 -1.418724e-02  7.957353e-03  4.067477e-03 -2.375509e-02
 1.377671e-02  4.397577e-04 -4.676721e-03  5.177267e-02 -8.463033e-03  8.413425e-04  1.341251e-02  3.486145e-03  6.734408e-03  9.417217e-02
 1.428990e-02  2.080494e-02 -8.232722e-02 -4.108816e-02 -3.392462e-01 -2.998564e-02  1.032361e-02  7.762730e-01  4.936285e-01  4.610605e-02
-1.171149e-02  2.085453e-02  2.957604e-02 -2.991486e-03  3.052630e-03 -8.660994e-03 -7.210780e-03  2.502488e-02  8.595555e-03 -2.517625e-02
 9.455478e-02  4.141667e-03  1.090326e-01 -4.067887e-03  7.121747e-03 -6.774587e-03 -4.368681e-03  1.056420e-03  2.307946e-03  1.662772e-03
-3.812807e-05  2.942726e-04  1.156519e-04 -2.735416e-03 
  MODE      28
 1.166343e-03 -3.247017e-03  2.292370e-03 -5.014721e-03  1.062042e-03 -9.326343e-03  2.587274e-04  4.873167e-03 -1.258591e-02  5.507657e-03
 1.508391e-04 -3.077762e-02  8.054986e-03 -5.516169e-04  6.245401e-03 -1.394591e-04  3.131434e-03  4.421704e-03  2.066093e-03 -5.095171e-03
 1.602216e-02 -1.758643e-03 -2.117169e-02 -1.228389e-02 -9.062811e-03 -4.284238e-02 -9.711541e-01  1.680453e-03 -2.834418e-03  1.836108e-01
-6.949808e-02  1.058822e-02 -7.058653e-03 -6.902081e-04 -1.351567e-02 -3.985832e-03  1.116205e-02  8.789139e-03 -2.159660e-02 -2.321678e-03
-4.540904e-03 -8.769502e-02 -1.316603e-03 -2.286116e-04 -1.211172e-03  1.639798e-04  1.703263e-03  4.387138e-04  3.252706e-05 -2.492801e-05
 3.018519e-04  1.801489e-05  9.899116e-04  6.179232e-05 
  MODE      29
-8.686941e-03 -7.158622e-03  1.199254e-02 -7.437590e-03  6.511634e-03 -4.213717e-03 -6.296928e-03  9.964329e-03 -1.314267e-03 -1.646233e-03
 4.344965e-03 -1.488656e-04  2.759615e-03  1.894901e-02  3.372693e-03 -1.605483e-02  3.005268e-03  3.513808e-02  1.750183e-02  1.490940e-02
 2.478346e-03  6.448081e-02  1.169989e-02  5.442898e-03  4.617020e-02 -6.502068e-02 -1.332773e-03 -5.230251e-01  8.394310e-01 -5.461618e-03
 4.218562e-04 -1.308120e-03  4.322935e-02 -7.486033e-04  2.011298e-03  3.753274e-03  5.288445e-03  3.168918e-02  8.134095e-04  5.368352e-03
 1.467013e-03  1.464854e-04  3.068061e-02  1.652357e-03 -1.605387e-03  3.453540e-03  3.109661e-03 -8.453698e-04  5.142621e-04 -1.113439e-03
 4.824154e-05  1.832469e-03 -1.646864e-04 -2.892091e-03 
  MODE      30
 3.871086e-04  3.681979e-04 -3.887158e-03  1.018148e-02 -1.024191e-02  3.546387e-03  5.999808e-03 -4.833319e-03 -1.475337e-03 -2.757840e-03
-6.442032e-03  1.966770e-03 -9.888324e-03  2.615656e-03 -3.253556e-03 -1.178392e-03 -8.047061e-03  1.014855e-02  2.074069e-04 -6.160564e-03
-8.827758e-03 -2.989472e-03 -6.406142e-02 -1.476941e-01  1.309713e-01 -1.057951e-01  1.980597e-01  4.508443e-03 -4.125097e-03  8.841781e-01
-2.479216e-01  2.234008e-01 -1.700498e-02  4.291843e-02 -2.313933e-03 -8.892838e-04 -6.268917e-02 -1.828015e-03 -3.291861e-02  2.500652e-03
-6.864350e-03 -2.556585e-02 -2.466646e-03  4.699122e-03 -4.443775e-03  2.256581e-03  7.127408e-03  1.186593e-03 -1.056155e-03 -8.396639e-05
-3.921585e-04  7.441227e-05 -1.098089e-03  1.472637e-04 
  MODE      31
 1.482887e-03 -5.148896e-03  2.284555e-03 -5.713229e-03  2.061320e-03 -8.989710e-03 -6.719390e-04  2.702338e-03 -4.970560e-03  3.297631e-03
 5.790467e-05  3.352646e-03  8.230664e-03  1.684902e-03 -3.816617e-03 -1.537503e-03  1.270498e-02  3.757184e-03  1.493911e-03 -3.548953e-03
 6.035859e-03 -2.078539e-03 -2.243445e-03 -6.199809e-03  3.062123e-03 -4.211487e-02 -3.484715e-02  2.111942e-03 -3.782340e-03 -2.660225e-01
-7.128273e-02  9.468354e-01 -5.005526e-03  9.379188e-03  9.563803e-02 -1.361743e-02 -1.120097e-02  3.469700e-02 -1.662948e-02 -1.144281e-02
-8.613740e-03  2.883161e-02 -2.085713e-03  1.923885e-03 -3.644696e-03  4.715880e-04  6.021815e-03  1.160551e-03 -5.565977e-04 -6.458496e-05
 4.574911e-04  5.111376e-05 -3.745904e-04  1.183575e-04 
  MODE      32
-3.361285e-03  1.780299e-03  4.549507e-05  2.108149e-03 -1.798015e-03 -7.169430e-03  6.396374e-04  6.632514e-03 -2.852813e-02 -4.644568e-03
-2.362160e-03 -2.360349e-02 -2.998807e-03 -6.401931e-04  4.334767e-03  5.131265e-03 -5.663428e-03  1.753553e-03 -2.273288e-04 -1.792272e-03
 4.938778e-03 -4.381749e-04  1.358365e-03  8.448997e-02 -2.565592e-02 -1.546112e-02  3.726349e-02  5.725101e-04 -6.542720e-04 -2.315263e-01
-9.441773e-01 -1.343193e-01 -2.548449e-03 -5.066342e-02 -2.726158e-03  6.857262e-04 -1.310744e-02 -2.562458e-03 -6.307149e-02  1.161303e-03
-5.482998e-04 -1.338434e-01 -2.944208e-04 -1.471807e-03 -1.285033e-03  1.025867e-03  2.225956e-03 -3.212758e-04 -4.190056e-04 -3.188669e-05
 6.556876e-04  2.458247e-05  4.231768e-03  7.304533e-05 
  MODE      33
 6.039261e-03 -1.061574e-02  8.303084e-03  3.782534e-04 -6.367118e-03 -3.572273e-03  9.466702e-03 -3.539172e-03  1.868309e-03  1.022062e-02
 7.369943e-04  8.692126e-04  4.470474e-03 -5.111385e-02  2.118531e-04 -1.118136e-02 -8.793582e-03  1.268072e-02  3.312509e-03 -3.295472e-03
-3.738926e-03 -2.121515e-02 -1.642409e-02 -1.435808e-02 -7.206246e-02  1.300390e-01  6.939537e-03 -3.515649e-02  4.555203e-02  2.374797e-02
-1.042594e-02  7.333973e-04 -9.144939e-01 -3.721846e-02  9.684836e-02  1.126540e-02  2.393184e-01  5.415411e-02  7.541706e-02 -1.381407e-01
 1.374544e-01 -7.036463e-03 -1.231225e-01 -2.243137e-03 -1.569666e-04 -4.050869e-03 -5.312719e-03  1.565538e-04 -2.325485e-03 -8.104275e-04
-1.422124e-04 -1.561684e-03  6.888131e-04  2.735504e-04 
  MODE      34
-8.658045e-04  3.992772e-03 -3.602835e-03 -6.377076e-04  4.644952e-03 -1.874242e-03 -1.832733e-03  1.161058e-03 -3.382711e-03 -2.945192e-04
-2.107392e-03  2.744936e-03  4.118626e-03  2.365130e-03 -4.291223e-03 -3.224641e-03  8.115726e-03  1.143630e-03  2.075234e-03 -1.506344e-03
 2.510929e-03 -2.886399e-03 -2.041915e-02 -1.849141e-02 -7.037043e-03 -1.125547e-02 -5.309995e-03 -1.481502e-03 -7.300187e-03 -3.715981e-02
-2.795921e-02 -6.967279e-02  1.375764e-02  9.168672e-01  3.383360e-01 -6.051087e-02  6.088366e-02  1.639021e-01 -1.663543e-01 -5.698113e-02
-2.531686e-02  2.586606e-02 -4.495306e-03  1.095734e-02  5.520005e-04 -1.659431e-03 -1.023847e-03  2.817790e-03 -1.819964e-04  5.484107e-05
-1.970656e-04 -9.203972e-05  9.360128e-04 -3.874618e-04 
  MODE      35
-2.800726e-03  5.115788e-03 -4.697190e-03  4.260453e-03  3.951487e-03  1.275366e-04  2.474428e-03  1.253481e-03  2.337068e-05  1.290110e-05
-4.567654e-03  5.178636e-04  2.742659e-03 -2.910294e-03 -2.526498e-03 -5.380232e-03  4.410731e-03  2.391466e-02  3.417593e-03 -1.836927e-03
 8.066665e-04  4.798283e-03 -5.015666e-04 -6.687988e-03 -1.032296e-02 -1.284341e-02  5.042157e-03 -7.909304e-04 -3.061267e-02  1.723686e-02
-9.976854e-03 -1.501032e-03  6.633367e-02 -3.912678e-02  1.016262e-01  8.667872e-01  2.512981e-01  3.738379e-01  7.742705e-02  1.683403e-01
 1.792358e-03 -7.274872e-03  8.612965e-02 -1.563950e-03 -9.330522e-03 -2.792266e-03 -1.488944e-03 -9.998783e-05  3.345475e-03  7.771237e-04
-1.355450e-04  2.766193e-04  6.716718e-04 -7.260249e-04 
  MODE      36
-6.365369e-04  1.642823e-03 -3.376122e-03  4.669214e-03 -1.326039e-03  5.040837e-03  2.418234e-03 -3.238934e-03  7.394963e-03 -1.982916e-03
-7.799987e-04  2.030851e-02 -1.015048e-03  2.170367e-03 -8.950622e-03 -2.275607e-03  3.421915e-03  2.091425e-04  2.058621e-04  5.184139e-04
-5.699997e-03  2.317905e-03  1.813392e-02 -2.138883e-02  2.766578e-03 -1.696313e-02 -3.702948e-02  1.418477e-03  5.292190e-03  1.722111e-02
-1.002586e-02 -8.540319e-02 -1.775228e-02 -2.842807e-01  8.126243e-01  6.062117e-02 -3.253600e-01 -1.663299e-01 -1.251913e-01  5.755498e-02
 2.326456e-02  3.003379e-01  3.622794e-03  7.029232e-03 -2.323844e-03  1.342734e-03  4.173023e-03  2.631150e-03 -6.644841e-04 -9.665908e-05
-2.395282e-04  1.376124e-04 -1.958310e-03  4.722293e-04 
  MODE      37
 2.628475e-03 -7.934596e-03  9.436179e-03 -4.234012e-03  3.888470e-05 -1.204944e-02  8.123581e-04  2.238544e-03  1.633585e-03  4.353612e-03
-3.344959e-03  2.075049e-03  1.753478e-03 -9.599737e-03  1.190508e-03 -1.040159e-02 -3.275153e-03 -3.342374e-03  5.374452e-03 -1.832485e-02
-2.856324e-03  1.244889e-02  1.094850e-02 -1.002909e-02  3.154513e-02 -1.236465e-03  1.039129e-02  4.978016e-02  3.062359e-02  3.249531e-02
-2.027374e-02 -9.455451e-03  1.936697e-01 -9.271141e-02  2.389665e-01 -3.228734e-02  5.954493e-01 -2.529725e-01  1.838833e-01 -4.708637e-01
-4.419369e-01 -1.891821e-02 -1.078871e-01 -2.229752e-03  2.050398e-03 -3.542891e-03  2.555116e-04 -1.120712e-03 -2.898924e-03  1.464867e-04
-2.790959e-04  1.602561e-03  1.419904e-03  2.028132e-03 
  MODE      38
 2.772711e-04  9.577589e-05 -2.830656e-03 -4.938601e-05  1.969734e-03 -4.009143e-03 -4.406565e-03  2.356913e-04  7.848324e-04 -2.337872e-03
-6.297889e-03  1.127895e-02  4.512340e-03  4.678862e-03 -9.267227e-03  9.163452e-04  7.395448e-03  6.138968e-03 -1.598635e-03 -5.039434e-03
-8.014390e-05 -1.181505e-02 -1.495128e-02 -2.560789e-02  1.522794e-02 -3.104867e-02 -1.640541e-02 -3.898578e-03 -2.740654e-02 -9.906796e-04
-5.080741e-02 -4.709740e-02  5.518973e-02 -7.537664e-02  8.066924e-02 -2.478715e-01 -2.218194e-01  6.710683e-01  5.664508e-01 -2.259349e-01
-9.900279e-02  1.617590e-01 -1.741709e-02 -6.438201e-03  1.272411e-03 -6.098401e-04 -2.917513e-03 -2.825588e-03  2.129570e-05  2.392059e-04
 3.865680e-05 -4.015222e-04 -6.294722e-04 -1.627090e-03 
  MODE      39
-1.781233e-03  7.814307e-03 -8.831214e-03  9.237024e-03  2.487307e-04  3.442488e-04 -1.170200e-03 -1.316078e-03  2.129143e-03 -3.489796e-03
-7.629613e-03 -7.395215e-03 -3.115060e-04  3.007898e-03 -3.256420e-04 -3.361486e-04 -5.352102e-03  5.110123e-03  8.338172e-04 -4.125816e-03
 4.160541e-04 -9.018996e-03  2.420124e-02 -6.776333e-04 -1.259052e-02 -2.595285e-02  3.708906e-02 -3.534143e-03 -2.089688e-02  1.737371e-02
 8.333303e-02 -1.663192e-02  4.441457e-02 -2.847512e-01  5.797917e-02 -1.916319e-01  1.525044e-01  5.113986e-01 -7.057885e-01 -1.700378e-01
-7.444105e-02 -1.869288e-01 -1.332597e-02  5.931211e-03  3.956875e-03  1.993408e-03 -7.428046e-03  2.740172e-03  2.861940e-04  2.264667e-04
-4.778792e-04 -3.712834e-04  9.263519e-04 -1.390428e-03 
  MODE      40
 3.818805e-03 -1.161606e-02  7.814061e-03 -9.239834e-04 -8.239596e-03  2.669840e-03  2.517410e-03 -2.199295e-03  3.786701e-04  7.105893e-03
 1.180468e-02 -5.974318e-04  4.539834e-03 -4.672101e-02 -8.549992e-04 -9.935541e-03 -5.874116e-03 -3.104835e-02  2.104659e-03 -1.818564e-02
-2.080899e-03  5.077285e-03 -1.500373e-02 -1.094668e-03 -5.412749e-02  8.547991e-02 -2.893923e-03  7.966479e-02  8.289294e-02 -8.786517e-03
 7.923610e-03  5.152748e-03 -1.847735e-01  3.780794e-02 -1.004362e-01  6.386986e-02 -2.514592e-01  2.633935e-02 -7.698316e-02  3.180178e-01
-8.053256e-01  7.640159e-03 -3.129612e-01  2.093562e-03 -7.732273e-03  3.931750e-03 -1.177660e-03  5.228499e-05  6.997517e-05  2.607973e-04
 1.416295e-04  4.267449e-04 -6.676106e-04  4.798184e-03 
  MODE      41
-6.315040e-03 -5.597074e-03  7.859948e-03 -2.650879e-04  2.536659e-03  7.383500e-03  6.877528e-03  2.411991e-03 -2.002466e-03  1.941695e-03
 5.289931e-03 -1.707590e-03  3.364909e-03 -1.186532e-02  1.813423e-03 -2.873776e-03 -3.674380e-03 -1.223215e-03  5.710870e-03  2.563781e-03
 3.024530e-04  3.013719e-02 -1.649192e-03  1.118013e-02  3.491541e-03  7.179483e-04 -8.825370e-03 -1.494089e-02 -3.979917e-06 -2.876533e-02
 1.699830e-02  6.017390e-03 -7.371691e-02  7.052716e-02 -1.901933e-01  3.841865e-01 -4.771565e-01 -1.048220e-01 -1.496730e-01 -7.275361e-01
-6.663738e-02  1.375657e-02  6.622116e-02  2.032004e-03  4.827034e-03  3.349919e-03 -1.297770e-03  6.767942e-04 -6.662710e-04 -2.962428e-04
 2.268041e-04  1.533963e-03 -1.177963e-03  5.599823e-04 
  MODE      42
-1.077259e-03  1.529839e-03 -1.401277e-03  3.670873e-03 -3.134267e-04  2.882984e-04 -1.512770e-04  5.574556e-04 -4.409807e-03 -5.190258e-03
-2.259290e-03  1.692532e-02 -5.499744e-03  1.113441e-03 -3.987973e-03  1.416684e-03 -4.768973e-03  7.852744e-04  2.477439e-04 -1.029102e-04
-4.917936e-03 -6.947549e-04  2.553965e-03  2.201302e-03 -2.452879e-03 -8.658504e-03 -6.203402e-02 -2.455250e-04 -1.882890e-03  1.270022e-02
-1.191900e-01 -9.021269e-03  2.011733e-03  1.353464e-02 -2.838899e-01 -1.303393e-02  2.033848e-01  3.549833e-02 -2.098852e-01 -1.287432e-02
-6.160018e-03  8.993452e-01 -1.048938e-03  1.265957e-03 -5.910914e-04  8.623389e-05  1.007748e-03  3.633534e-04 -2.779685e-04 -3.077045e-07
 1.972361e-03 -8.806149e-06  2.175775e-03 -6.322425e-05 
  MODE      43
 3.041819e-04  2.405932e-04 -1.398152e-04  1.791619e-03  1.100020e-04  1.461755e-03 -1.982030e-04 -1.319704e-03 -3.576932e-04  7.631130e-04
-1.281097e-03 -1.534078e-05 -8.434308e-04 -3.500943e-03 -2.896558e-03 -6.426535e-03  1.432432e-03 -2.309944e-02 -1.354036e-03 -1.941845e-02
-1.618170e-03 -5.401833e-02  6.139883e-03  3.722133e-03  2.657258e-02 -2.554390e-02 -1.405886e-03  6.129464e-02  5.815123e-02 -5.432010e-03
 1.975512e-03 -1.516015e-03  1.671763e-01  4.415535e-03 -1.120996e-02  9.608960e-02 -2.663069e-02  2.360469e-02 -9.077637e-03 -6.504717e-02
 3.176578e-01  5.837704e-04 -9.203988e-01  7.286208e-04 -1.980663e-03  1.312479e-03 -5.249769e-04 -1.614291e-04 -7.864925e-04  3.999567e-03
 1.364490e-05 -2.736813e-03 -9.004688e-05  7.924249e-03 
  MODE      44
 1.659332e-04  6.562929e-04 -1.685044e-03  2.073418e-03 -2.075755e-03  1.598456e-03  1.680541e-03 -1.139559e-03  1.357266e-03 -1.232077e-04
-2.724776e-04  5.887119e-07 -1.305002e-03 -5.802243e-04  3.594317e-04  8.924917e-04 -1.008657e-03  1.780863e-03 -4.549356e-04 -5.924603e-04
-6.465677e-04 -1.894442e-05  4.679287e-03  1.971901e-03 -1.103873e-03 -2.890340e-03  3.229087e-04  8.535734e-04  6.447755e-04  4.612127e-03
 8.194684e-05  2.031318e-03  9.745779e-05  1.049330e-02  7.721279e-03 -8.963017e-04  8.983330e-04  2.425455e-04 -7.009762e-03 -1.720885e-03
 5.303608e-04  1.209770e-03  4.604887e-04 -8.474244e-01 -1.342002e-01  4.490400e-01  2.368916e-01  8.335129e-02 -3.833312e-02 -2.638428e-03
 2.302085e-03  2.944809e-03 -9.944392e-03  7.252391e-03 
  MODE      45
-4.285017e-04 -1.283372e-03  1.814197e-03 -1.369038e-03  5.765776e-04 -1.530227e-03  4.934309e-04  9.234904e-04  3.696313e-04  8.220138e-04
 1.118341e-03  1.198998e-04  9.592640e-04 -9.423367e-04  4.473062e-04 -1.407466e-03  2.045542e-04  2.547345e-03  5.777941e-04 -9.599697e-04
 6.380137e-05 -5.854326e-04 -5.935946e-04 -4.031724e-04 -2.905644e-03  1.428533e-03  2.215574e-04  8.767434e-04  1.061650e-03  1.792815e-03
-7.047039e-04  1.157610e-03  5.148818e-03  8.918639e-04  3.413899e-05 -9.312898e-03 -3.440383e-03 -6.196997e-03 -2.200848e-03 -4.575883e-03
 2.464715e-03  4.264563e-04  2.732903e-03 -1.319392e-01 -8.287297e-01 -2.667648e-01 -4.660198e-01  4.390846e-02 -8.955578e-02 -1.875557e-03
-2.894507e-03 -2.001621e-03  8.168603e-03 -1.301589e-02 
  MODE      46
 4.187328e-06 -1.382523e-03  1.456198e-03  6.615211e-04  8.552510e-04 -1.527333e-03 -2.086163e-03  5.235758e-05  1.613783e-03 -1.051319e-03
-8.461527e-04  3.550619e-04  3.299614e-04  1.833948e-03 -1.327636e-03 -1.122480e-04  5.562309e-04 -4.136682e-03  4.954562e-05  1.286868e-03
 6.514751e-04 -8.796433e-07 -6.831234e-04 -3.550361e-04  5.457637e-04  2.348860e-03  4.618781e-04 -2.357991e-03 -1.946137e-03  4.351739e-03
-1.979521e-03  2.257801e-03 -8.698680e-04  7.427173e-04  1.660598e-03  3.141385e-03 -1.940651e-04 -2.271562e-03  8.684870e-04  5.514400e-03
-1.540676e-03  1.001154e-03 -1.415533e-03 -1.307154e-01  3.843879e-01  1.480319e-01 -6.990585e-01  5.558246e-01  1.097632e-01  7.504450e-03
-1.505737e-02 -8.370578e-03  3.572487e-02 -2.059474e-02 
  MODE      47
 1.690834e-03 -3.484075e-05  3.418904e-04 -2.243344e-03  3.940984e-04 -3.785603e-03 -1.980043e-03  2.683517e-04  1.404283e-03 -3.533846e-04
 1.780445e-04  4.650183e-04 -1.285828e-04  1.399634e-03  5.860292e-06 -1.132894e-03 -1.386584e-06 -5.323201e-03  2.458022e-04  1.554112e-03
 4.180727e-04  3.779594e-04 -2.020374e-04 -5.299056e-04 -1.235603e-03  6.762885e-04  5.015173e-04 -3.073476e-03 -3.332613e-03  4.054587e-03
-1.522165e-03  2.267016e-03 -4.722551e-03  2.034238e-03  1.941940e-03  1.163075e-03 -4.479284e-03  8.192155e-04 -5.242204e-03  2.701647e-03
-4.148121e-03  6.918242e-04 -4.468810e-03 -3.854524e-01  1.658610e-01 -7.567842e-01  1.784029e-01  1.270688e-01  4.459495e-01  1.571071e-02
-8.422620e-03 -1.287888e-02  2.376984e-02 -3.639406e-02 
  MODE      48
-1.954555e-04 -1.928726e-04 -1.449826e-03  2.280920e-03 -2.349596e-03  5.185600e-04  5.342874e-04 -6.667085e-04  1.264615e-03  6.429694e-04
-1.119159e-03  3.909501e-04  2.102600e-04  1.212110e-03 -4.879364e-05  5.650939e-04 -1.210995e-04 -1.978568e-03 -2.943388e-04  4.343353e-04
 3.353589e-04 -1.000625e-04  7.325947e-04  5.757401e-04  7.535319e-04 -3.247487e-03  2.977872e-04 -1.422399e-03 -1.408901e-03  6.560005e-03
-2.501280e-03  4.412586e-03 -9.231635e-04  3.549571e-03  5.410337e-03  2.057842e-03 -1.948074e-03 -1.615888e-03 -5.798395e-03  3.694638e-03
-1.153038e-03  1.683491e-03 -9.708932e-04 -2.571018e-01  2.488372e-01 -1.464208e-02 -4.510603e-01 -8.130065e-01  6.929903e-02  4.766470e-03
-1.701650e-02 -5.360890e-03  3.118379e-02 -1.316171e-02 
  MODE      49
 1.540343e-03 -1.310191e-03  2.494121e-03 -4.672936e-03  1.771524e-03 -2.771809e-03 -8.184662e-04  2.743314e-04 -5.461979e-05 -6.715550e-04
 2.439428e-03  2.108254e-05  5.643478e-04 -2.229435e-03 -6.437308e-04  1.395911e-04  5.004698e-04  4.173211e-03 -4.115478e-06 -6.636323e-04
-1.059965e-04 -3.286474e-04 -8.607191e-04 -2.634650e-04 -1.741546e-03  2.990442e-03 -5.881760e-05  2.869871e-03  2.130779e-03 -1.591172e-03
 9.193430e-04 -1.424825e-03  6.025977e-04 -1.081893e-03 -7.187847e-04 -2.848320e-03  3.099997e-03 -3.184255e-03  2.538689e-03 -4.517895e-03
 2.205499e-03 -6.082558e-04  1.334204e-03  1.817992e-01 -2.417833e-01  3.590584e-01 -2.827569e-03 -6.171541e-02  8.791800e-01 -1.700040e-02
 3.903806e-03  9.792487e-03 -1.115787e-02  3.084818e-02 
  MODE      50
 1.638406e-04  7.104018e-05 -2.876425e-04  3.921339e-04 -3.402940e-04  2.162500e-04  2.963333e-04 -2.352718e-04  2.897072e-05  2.057249e-04
-4.518003e-04  7.164754e-06 -1.306390e-04 -1.599594e-03 -1.767026e-04  2.868891e-04  2.162139e-06 -9.880265e-04 -1.571593e-04  3.731695e-03
 5.327587e-04 -1.296733e-03  5.154978e-05  2.144996e-05  2.072709e-04 -5.177099e-04 -1.503923e-06  1.380842e-03  9.067710e-04  1.266648e-05
 1.042834e-07  7.650864e-06  1.246077e-03  5.584421e-05  3.391123e-05  6.850767e-04 -7.866664e-05  6.876447e-04 -1.179549e-04  1.622846e-04
 1.031803e-03  8.234332e-07 -1.946491e-03 -8.269506e-03  1.132831e-02 -1.644366e-02 -3.782646e-03  2.840004e-03 -6.432025e-03 -9.648965e-01
-1.303811e-04 -2.530753e-01  3.700207e-04  6.607364e-02 
  MODE      51
-1.604713e-04  3.654499e-04 -3.808412e-04  4.223373e-04 -2.118552e-04  6.322270e-04  1.081947e-04 -8.649148e-05  2.038717e-04 -3.515480e-04
-2.592890e-04 -1.340452e-03 -5.867172e-04  9.645439e-05 -2.967108e-05  1.976106e-04 -2.854717e-04 -7.928826e-05  8.941254e-08  3.712918e-05
-2.477318e-04  1.881560e-06  3.494076e-04 -4.772969e-04  2.671509e-05 -4.322103e-04  1.297003e-06 -1.156764e-04 -9.090896e-05  3.868193e-04
-3.798536e-04 -4.631772e-04 -6.029310e-06  5.324533e-05  8.925832e-04  6.141680e-05  1.462299e-04  3.394713e-05 -1.025151e-04  1.369735e-04
-7.442525e-05 -1.562815e-03 -5.842171e-05 -9.926929e-03  1.195456e-02 -9.331961e-03 -2.160427e-02 -4.337020e-03  3.441761e-03  2.828291e-04
 9.971220e-01 -2.638533e-04 -7.002491e-02 -7.919428e-04 
  MODE      52
 2.854117e-04  2.717561e-04 -5.465758e-04  5.886221e-04 -2.676880e-04  3.318012e-04  1.077909e-03 -3.286866e-04  5.202206e-05 -1.184379e-05
 3.513303e-04  9.028423e-06 -3.050156e-05  7.901765e-05  2.452695e-04  1.009521e-03 -3.012856e-04 -2.918037e-04 -6.034146e-04  1.684244e-03
 2.703947e-04  1.201995e-04  3.944429e-05  1.537737e-05  1.539981e-04 -1.750977e-04 -1.078870e-06  5.498987e-04 -7.618582e-04  1.284412e-05
 1.143177e-05 -4.879525e-06 -9.790988e-04  6.003951e-05  6.685723e-05 -5.123038e-04 -5.280393e-06  1.214512e-03 -1.163292e-04  1.274504e-03
 2.062651e-03 -1.062441e-05 -2.411084e-03 -9.641083e-03  1.123344e-02 -1.926046e-02 -9.154241e-03  3.302434e-03 -3.433624e-03 -2.511961e-01
-1.898333e-04  9.672538e-01  5.836443e-04  2.619276e-02 
  MODE      53
 6.199576e-04 -1.296665e-03  1.146818e-03 -1.400046e-03  6.384735e-04 -1.800568e-03 -3.296985e-04  2.925779e-04  8.160122e-04  1.670080e-03
 9.289863e-04  1.036611e-03  2.235895e-03 -1.897669e-04 -8.588625e-06 -5.838124e-04  2.499289e-03  1.032606e-04  3.188728e-04 -1.141719e-04
 1.093628e-03 -1.392741e-05 -4.224743e-04 -2.004116e-03  4.045604e-04  1.176689e-03  2.413432e-04  2.779795e-04  1.875448e-04 -7.089707e-05
 3.236319e-03  5.752892e-04 -8.453052e-05 -8.326756e-04  6.173222e-04 -2.373956e-05 -2.837512e-03 -3.385823e-04  9.084787e-04 -1.606792e-04
 1.637055e-04 -8.456171e-04  1.210816e-04  1.594812e-02 -2.217894e-02  2.327694e-02  3.997648e-02  1.912556e-03 -6.307960e-03 -4.555360e-04
 7.145896e-02  4.483628e-04  9.959268e-01  2.782975e-03 
  MODE      54
 9.330915e-04  1.106800e-03 -1.677049e-03  1.513256e-03 -7.205892e-04  8.208871e-04  1.439009e-03 -1.257968e-03  1.307830e-04  1.837164e-04
-1.731338e-04  2.857062e-05 -2.915220e-04  7.084531e-04  4.197202e-04  2.520514e-03 -4.071153e-04  9.488869e-04 -1.705856e-03  2.197752e-03
 5.210541e-05  1.105717e-04  2.491644e-04  1.156763e-04  1.124134e-03 -9.864148e-04 -2.887983e-05  1.199450e-03  9.979019e-04 -1.348155e-04
 1.011083e-04 -1.219446e-04  3.252748e-04  1.392136e-04  1.524248e-04 -1.039107e-03  1.170021e-04  2.458627e-03 -2.592772e-04  3.020915e-04
 2.541863e-03 -6.572009e-05  7.582835e-03 -2.078110e-02  1.424450e-02 -4.153662e-02 -2.151550e-02  7.101476e-03 -8.057442e-03  7.186676e-02
-4.247604e-04 -9.755979e-03 -2.945386e-04  9.957715e-01 
--------------------------------------------------------------------------------------------------------------------------------------------
  END_DUSH_DATA_2
  BEGIN_DUSH_ORTH_TEST EPS =     #########
  END_DUSH_ORTH_TEST
END_DUSH_2
